timestamp,value,anomaly_score,label
2024-03-05 07:09:32.000000,176,0.0,0.0
2024-03-05 07:09:32.000000,433,0.0,0.0
2024-03-05 07:09:32.000000,434,0.0,0.0
2024-03-05 07:09:32.000000,435,0.0,0.0
2024-03-05 07:09:32.000000,435,0.0,0.0
2024-03-05 07:09:32.000000,436,0.0,0.0
2024-03-05 07:09:32.000000,256,1.0,0.0
2024-03-05 07:09:32.000000,437,0.0,0.0
2024-03-05 07:09:32.000000,432,0.0,0.0
2024-03-05 07:09:32.000000,438,0.0,0.0
2024-03-05 07:09:32.000000,440,0.0,0.0
2024-03-05 07:09:32.000000,442,0.0,0.0
2024-03-05 07:09:32.000000,245,0.0,0.0
2024-03-05 07:09:32.000000,443,0.0,0.0
2024-03-05 07:09:32.000000,444,0.0,0.0
2024-03-05 07:09:32.000000,445,0.0,0.0
2024-03-05 07:09:32.000000,212,0.0,0.0
2024-03-05 07:09:32.000000,189,0.0,0.0
2024-03-05 07:09:32.000000,439,0.0,0.0
2024-03-05 07:09:32.000000,431,0.0,0.0
2024-03-05 07:09:32.000000,435,0.0,0.0
2024-03-05 07:09:32.000000,195,0.0,0.0
2024-03-05 07:09:35.000000,257,0.0,0.0
2024-03-05 07:09:35.000000,272,0.0,0.0
2024-03-05 07:09:35.000000,274,0.0,0.0
2024-03-05 07:09:35.000000,196,0.0,0.0
2024-03-05 07:09:35.000000,273,0.0,0.0
2024-03-05 07:09:38.000000,205,1.0,0.0
2024-03-05 07:09:38.000000,143,0.0,0.0
2024-03-05 07:09:38.000000,143,0.0,0.0
2024-03-05 07:09:38.000000,204,1.0,0.0
2024-03-05 07:09:38.000000,197,0.0,0.0
2024-03-05 07:09:38.000000,203,0.0,0.0
2024-03-05 07:09:38.000000,144,0.0,0.0
2024-03-05 07:09:39.000000,518,1.0,0.0
2024-03-05 07:09:39.000000,145,0.0,0.0
2024-03-05 07:09:39.000000,143,0.0,0.0
2024-03-05 07:09:39.000000,143,0.0,0.0
2024-03-05 07:09:39.000000,198,0.0,0.0
2024-03-05 07:09:40.000000,198,0.0,0.0
2024-03-05 07:09:45.000000,257,0.0,0.0
2024-03-05 07:09:45.000000,452,0.0,0.0
2024-03-05 07:09:45.000000,435,0.0,0.0
2024-03-05 07:09:45.000000,454,0.0,0.0
2024-03-05 07:09:45.000000,455,0.0,0.0
2024-03-05 07:09:45.000000,257,0.0,0.0
2024-03-05 07:09:45.000000,456,0.0,0.0
2024-03-05 07:09:45.000000,257,0.0,0.0
2024-03-05 07:09:45.000000,451,0.0,0.0
2024-03-05 07:09:45.000000,257,0.0,0.0
2024-03-05 07:09:45.000000,443,0.0,0.0
2024-03-05 07:09:45.000000,257,0.0,0.0
2024-03-05 07:09:45.000000,353,0.0,0.0
2024-03-05 07:09:45.000000,257,0.0,0.0
2024-03-05 07:09:45.000000,449,0.0,0.0
2024-03-05 07:09:45.000000,257,0.0,0.0
2024-03-05 07:09:45.000000,448,0.0,0.0
2024-03-05 07:09:45.000000,257,0.0,0.0
2024-03-05 07:09:45.000000,447,1.0,0.0
2024-03-05 07:09:45.000000,257,0.0,0.0
2024-03-05 07:09:45.000000,353,0.0,0.0
2024-03-05 07:09:45.000000,353,0.0,0.0
2024-03-05 07:09:45.000000,266,0.0,0.0
2024-03-05 07:09:45.000000,352,0.0,0.0
2024-03-05 07:09:45.000000,446,0.0,0.0
2024-03-05 07:09:45.000000,457,1.0,0.0
2024-03-05 07:09:45.000000,450,0.0,0.0
2024-03-05 07:09:45.000000,458,1.0,0.0
2024-03-05 07:09:45.000000,257,0.0,0.0
2024-03-05 07:09:48.000000,144,0.0,0.0
2024-03-05 07:09:48.000000,143,0.0,0.0
2024-03-05 07:09:48.000000,205,1.0,0.0
2024-03-05 07:09:48.000000,197,0.0,0.0
2024-03-05 07:09:48.000000,143,0.0,0.0
2024-03-05 07:09:48.000000,143,0.0,0.0
2024-03-05 07:09:48.000000,204,1.0,0.0
2024-03-05 07:09:48.000000,203,0.0,0.0
2024-03-05 07:09:48.000000,145,0.0,0.0
2024-03-05 07:09:48.000000,200,0.0,0.0
2024-03-05 07:09:48.000000,143,0.0,0.0
2024-03-05 07:09:50.000000,200,0.0,0.0
2024-03-05 07:09:58.000000,145,0.0,0.0
2024-03-05 07:09:58.000000,143,0.0,0.0
2024-03-05 07:09:58.000000,201,0.0,0.0
2024-03-05 07:09:58.000000,197,0.0,0.0
2024-03-05 07:09:58.000000,203,0.0,0.0
2024-03-05 07:09:58.000000,144,0.0,0.0
2024-03-05 07:09:58.000000,204,1.0,0.0
2024-03-05 07:09:58.000000,143,0.0,0.0
2024-03-05 07:09:58.000000,143,0.0,0.0
2024-03-05 07:09:58.000000,205,1.0,0.0
2024-03-05 07:09:58.000000,143,0.0,0.0
2024-03-05 07:10:00.000000,201,0.0,0.0
2024-03-05 07:10:20.000000,437,0.0,0.0
2024-03-05 07:10:20.000000,438,0.0,0.0
2024-03-05 07:10:20.000000,439,0.0,0.0
2024-03-05 07:10:20.000000,440,0.0,0.0
2024-03-05 07:10:20.000000,442,0.0,0.0
2024-03-05 07:10:20.000000,435,0.0,0.0
2024-03-05 07:10:20.000000,257,0.0,0.0
2024-03-05 07:10:20.000000,445,0.0,0.0
2024-03-05 07:10:20.000000,444,0.0,0.0
2024-03-05 07:10:20.000000,443,0.0,0.0
2024-03-05 07:10:20.000000,245,0.0,0.0
2024-03-05 07:10:20.000000,212,0.0,0.0
2024-03-05 07:10:20.000000,256,1.0,0.0
2024-03-05 07:10:20.000000,432,0.0,0.0
2024-03-05 07:10:20.000000,435,0.0,0.0
2024-03-05 07:10:20.000000,189,0.0,0.0
2024-03-05 07:10:20.000000,436,0.0,0.0
2024-03-05 07:10:20.000000,273,0.0,0.0
2024-03-05 07:10:20.000000,195,0.0,0.0
2024-03-05 07:10:20.000000,196,0.0,0.0
2024-03-05 07:10:20.000000,272,0.0,0.0
2024-03-05 07:10:20.000000,431,0.0,0.0
2024-03-05 07:10:20.000000,435,0.0,0.0
2024-03-05 07:10:20.000000,274,0.0,0.0
2024-03-05 07:10:20.000000,434,0.0,0.0
2024-03-05 07:10:20.000000,433,0.0,0.0
2024-03-05 07:10:31.000000,446,0.0,0.0
2024-03-05 07:10:31.000000,352,0.0,0.0
2024-03-05 07:10:31.000000,266,0.0,0.0
2024-03-05 07:10:31.000000,353,0.0,0.0
2024-03-05 07:10:31.000000,353,0.0,0.0
2024-03-05 07:10:31.000000,353,0.0,0.0
2024-03-05 07:10:31.000000,257,0.0,0.0
2024-03-05 07:10:31.000000,448,0.0,0.0
2024-03-05 07:10:31.000000,447,1.0,0.0
2024-03-05 07:10:31.000000,257,0.0,0.0
2024-03-05 07:10:31.000000,257,0.0,0.0
2024-03-05 07:10:31.000000,257,0.0,0.0
2024-03-05 07:10:31.000000,257,0.0,0.0
2024-03-05 07:10:31.000000,449,0.0,0.0
2024-03-05 07:10:31.000000,458,1.0,0.0
2024-03-05 07:10:31.000000,457,1.0,0.0
2024-03-05 07:10:31.000000,257,0.0,0.0
2024-03-05 07:10:31.000000,257,0.0,0.0
2024-03-05 07:10:31.000000,456,0.0,0.0
2024-03-05 07:10:31.000000,455,0.0,0.0
2024-03-05 07:10:31.000000,454,0.0,0.0
2024-03-05 07:10:31.000000,443,0.0,0.0
2024-03-05 07:10:31.000000,257,0.0,0.0
2024-03-05 07:10:31.000000,435,0.0,0.0
2024-03-05 07:10:31.000000,452,0.0,0.0
2024-03-05 07:10:31.000000,451,0.0,0.0
2024-03-05 07:10:31.000000,257,0.0,0.0
2024-03-05 07:10:31.000000,257,0.0,0.0
2024-03-05 07:10:31.000000,450,0.0,0.0
2024-03-05 07:10:53.000000,195,0.0,0.0
2024-03-05 07:10:53.000000,189,0.0,0.0
2024-03-05 07:10:53.000000,435,0.0,0.0
2024-03-05 07:10:53.000000,434,0.0,0.0
2024-03-05 07:10:53.000000,433,0.0,0.0
2024-03-05 07:10:53.000000,432,0.0,0.0
2024-03-05 07:10:53.000000,431,0.0,0.0
2024-03-05 07:10:53.000000,435,0.0,0.0
2024-03-05 07:10:54.000000,257,0.0,0.0
2024-03-05 07:10:54.000000,272,0.0,0.0
2024-03-05 07:10:54.000000,273,0.0,0.0
2024-03-05 07:10:54.000000,196,0.0,0.0
2024-03-05 07:10:54.000000,274,0.0,0.0
2024-03-05 07:10:54.000000,212,0.0,0.0
2024-03-05 07:10:54.000000,440,0.0,0.0
2024-03-05 07:10:54.000000,444,0.0,0.0
2024-03-05 07:10:54.000000,443,0.0,0.0
2024-03-05 07:10:54.000000,245,0.0,0.0
2024-03-05 07:10:54.000000,435,0.0,0.0
2024-03-05 07:10:54.000000,442,0.0,0.0
2024-03-05 07:10:54.000000,439,0.0,0.0
2024-03-05 07:10:54.000000,438,0.0,0.0
2024-03-05 07:10:54.000000,437,0.0,0.0
2024-03-05 07:10:54.000000,256,1.0,0.0
2024-03-05 07:10:54.000000,445,0.0,0.0
2024-03-05 07:10:54.000000,436,0.0,0.0
2024-03-05 07:11:01.000000,144,0.0,0.0
2024-03-05 07:11:01.000000,341,0.0,0.0
2024-03-05 07:11:01.000000,199,0.0,0.0
2024-03-05 07:11:01.000000,342,1.0,0.0
2024-03-05 07:11:01.000000,342,1.0,0.0
2024-03-05 07:11:01.000000,143,0.0,0.0
2024-03-05 07:11:01.000000,199,0.0,0.0
2024-03-05 07:11:01.000000,143,0.0,0.0
2024-03-05 07:11:04.000000,257,0.0,0.0
2024-03-05 07:11:04.000000,257,0.0,0.0
2024-03-05 07:11:04.000000,449,0.0,0.0
2024-03-05 07:11:04.000000,257,0.0,0.0
2024-03-05 07:11:04.000000,257,0.0,0.0
2024-03-05 07:11:04.000000,450,0.0,0.0
2024-03-05 07:11:04.000000,257,0.0,0.0
2024-03-05 07:11:04.000000,458,1.0,0.0
2024-03-05 07:11:04.000000,457,1.0,0.0
2024-03-05 07:11:04.000000,446,0.0,0.0
2024-03-05 07:11:04.000000,352,0.0,0.0
2024-03-05 07:11:04.000000,266,0.0,0.0
2024-03-05 07:11:04.000000,353,0.0,0.0
2024-03-05 07:11:04.000000,353,0.0,0.0
2024-03-05 07:11:04.000000,451,0.0,0.0
2024-03-05 07:11:04.000000,448,0.0,0.0
2024-03-05 07:11:04.000000,452,0.0,0.0
2024-03-05 07:11:04.000000,257,0.0,0.0
2024-03-05 07:11:04.000000,353,0.0,0.0
2024-03-05 07:11:04.000000,447,1.0,0.0
2024-03-05 07:11:04.000000,257,0.0,0.0
2024-03-05 07:11:04.000000,257,0.0,0.0
2024-03-05 07:11:04.000000,455,0.0,0.0
2024-03-05 07:11:04.000000,257,0.0,0.0
2024-03-05 07:11:04.000000,456,0.0,0.0
2024-03-05 07:11:04.000000,454,0.0,0.0
2024-03-05 07:11:04.000000,257,0.0,0.0
2024-03-05 07:11:04.000000,435,0.0,0.0
2024-03-05 07:11:04.000000,443,0.0,0.0
2024-03-05 07:12:13.000000,192,0.0,0.0
2024-03-05 07:12:15.000000,193,0.0,0.0
2024-03-05 07:12:18.000000,287,1.0,0.0
2024-03-05 07:12:55.000000,192,0.0,0.0
2024-03-05 07:12:57.000000,193,0.0,0.0
2024-03-05 07:12:59.000000,287,1.0,0.0
2024-03-05 07:13:50.000000,431,0.0,0.0
2024-03-05 07:13:50.000000,432,0.0,0.0
2024-03-05 07:13:50.000000,433,0.0,0.0
2024-03-05 07:13:50.000000,434,0.0,0.0
2024-03-05 07:13:50.000000,435,0.0,0.0
2024-03-05 07:13:50.000000,442,0.0,0.0
2024-03-05 07:13:50.000000,195,0.0,0.0
2024-03-05 07:13:50.000000,212,0.0,0.0
2024-03-05 07:13:50.000000,445,0.0,0.0
2024-03-05 07:13:50.000000,444,0.0,0.0
2024-03-05 07:13:50.000000,443,0.0,0.0
2024-03-05 07:13:50.000000,245,0.0,0.0
2024-03-05 07:13:50.000000,435,0.0,0.0
2024-03-05 07:13:50.000000,440,0.0,0.0
2024-03-05 07:13:50.000000,437,0.0,0.0
2024-03-05 07:13:50.000000,438,0.0,0.0
2024-03-05 07:13:50.000000,256,1.0,0.0
2024-03-05 07:13:50.000000,436,0.0,0.0
2024-03-05 07:13:50.000000,435,0.0,0.0
2024-03-05 07:13:50.000000,189,0.0,0.0
2024-03-05 07:13:50.000000,439,0.0,0.0
2024-03-05 07:13:51.000000,274,0.0,0.0
2024-03-05 07:13:51.000000,257,0.0,0.0
2024-03-05 07:13:51.000000,273,0.0,0.0
2024-03-05 07:13:51.000000,196,0.0,0.0
2024-03-05 07:13:51.000000,272,0.0,0.0
2024-03-05 07:14:01.000000,352,0.0,0.0
2024-03-05 07:14:01.000000,257,0.0,0.0
2024-03-05 07:14:01.000000,451,0.0,0.0
2024-03-05 07:14:01.000000,257,0.0,0.0
2024-03-05 07:14:01.000000,452,0.0,0.0
2024-03-05 07:14:01.000000,435,0.0,0.0
2024-03-05 07:14:01.000000,257,0.0,0.0
2024-03-05 07:14:01.000000,446,0.0,0.0
2024-03-05 07:14:01.000000,454,0.0,0.0
2024-03-05 07:14:01.000000,455,0.0,0.0
2024-03-05 07:14:01.000000,456,0.0,0.0
2024-03-05 07:14:01.000000,257,0.0,0.0
2024-03-05 07:14:01.000000,257,0.0,0.0
2024-03-05 07:14:01.000000,457,1.0,0.0
2024-03-05 07:14:01.000000,458,1.0,0.0
2024-03-05 07:14:01.000000,450,0.0,0.0
2024-03-05 07:14:01.000000,257,0.0,0.0
2024-03-05 07:14:01.000000,449,0.0,0.0
2024-03-05 07:14:01.000000,257,0.0,0.0
2024-03-05 07:14:01.000000,448,0.0,0.0
2024-03-05 07:14:01.000000,257,0.0,0.0
2024-03-05 07:14:01.000000,447,1.0,0.0
2024-03-05 07:14:01.000000,257,0.0,0.0
2024-03-05 07:14:01.000000,353,0.0,0.0
2024-03-05 07:14:01.000000,353,0.0,0.0
2024-03-05 07:14:01.000000,353,0.0,0.0
2024-03-05 07:14:01.000000,266,0.0,0.0
2024-03-05 07:14:01.000000,257,0.0,0.0
2024-03-05 07:14:01.000000,443,0.0,0.0
2024-03-05 07:14:43.000000,143,0.0,0.0
2024-03-05 07:14:43.000000,198,0.0,0.0
2024-03-05 07:14:43.000000,144,0.0,0.0
2024-03-05 07:14:43.000000,145,0.0,0.0
2024-03-05 07:14:43.000000,143,0.0,0.0
2024-03-05 07:14:43.000000,143,0.0,0.0
2024-03-05 07:14:43.000000,143,0.0,0.0
2024-03-05 07:14:43.000000,197,0.0,0.0
2024-03-05 07:14:44.000000,198,0.0,0.0
2024-03-05 07:15:03.000000,435,0.0,0.0
2024-03-05 07:15:03.000000,438,0.0,0.0
2024-03-05 07:15:03.000000,433,0.0,0.0
2024-03-05 07:15:03.000000,432,0.0,0.0
2024-03-05 07:15:03.000000,431,0.0,0.0
2024-03-05 07:15:03.000000,439,0.0,0.0
2024-03-05 07:15:03.000000,273,0.0,0.0
2024-03-05 07:15:03.000000,272,0.0,0.0
2024-03-05 07:15:03.000000,189,0.0,0.0
2024-03-05 07:15:03.000000,435,0.0,0.0
2024-03-05 07:15:03.000000,436,0.0,0.0
2024-03-05 07:15:03.000000,434,0.0,0.0
2024-03-05 07:15:03.000000,195,0.0,0.0
2024-03-05 07:15:03.000000,257,0.0,0.0
2024-03-05 07:15:03.000000,212,0.0,0.0
2024-03-05 07:15:03.000000,445,0.0,0.0
2024-03-05 07:15:03.000000,444,0.0,0.0
2024-03-05 07:15:03.000000,443,0.0,0.0
2024-03-05 07:15:03.000000,437,0.0,0.0
2024-03-05 07:15:03.000000,435,0.0,0.0
2024-03-05 07:15:03.000000,245,0.0,0.0
2024-03-05 07:15:03.000000,196,0.0,0.0
2024-03-05 07:15:03.000000,256,1.0,0.0
2024-03-05 07:15:03.000000,440,0.0,0.0
2024-03-05 07:15:03.000000,442,0.0,0.0
2024-03-05 07:15:03.000000,274,0.0,0.0
2024-03-05 07:15:14.000000,449,0.0,0.0
2024-03-05 07:15:14.000000,352,0.0,0.0
2024-03-05 07:15:14.000000,266,0.0,0.0
2024-03-05 07:15:14.000000,353,0.0,0.0
2024-03-05 07:15:14.000000,353,0.0,0.0
2024-03-05 07:15:14.000000,257,0.0,0.0
2024-03-05 07:15:14.000000,447,1.0,0.0
2024-03-05 07:15:14.000000,257,0.0,0.0
2024-03-05 07:15:14.000000,448,0.0,0.0
2024-03-05 07:15:14.000000,257,0.0,0.0
2024-03-05 07:15:14.000000,353,0.0,0.0
2024-03-05 07:15:14.000000,450,0.0,0.0
2024-03-05 07:15:14.000000,257,0.0,0.0
2024-03-05 07:15:14.000000,458,1.0,0.0
2024-03-05 07:15:14.000000,457,1.0,0.0
2024-03-05 07:15:14.000000,257,0.0,0.0
2024-03-05 07:15:14.000000,257,0.0,0.0
2024-03-05 07:15:14.000000,456,0.0,0.0
2024-03-05 07:15:14.000000,455,0.0,0.0
2024-03-05 07:15:14.000000,257,0.0,0.0
2024-03-05 07:15:14.000000,443,0.0,0.0
2024-03-05 07:15:14.000000,257,0.0,0.0
2024-03-05 07:15:14.000000,446,0.0,0.0
2024-03-05 07:15:14.000000,454,0.0,0.0
2024-03-05 07:15:14.000000,257,0.0,0.0
2024-03-05 07:15:14.000000,435,0.0,0.0
2024-03-05 07:15:14.000000,452,0.0,0.0
2024-03-05 07:15:14.000000,257,0.0,0.0
2024-03-05 07:15:14.000000,451,0.0,0.0
2024-03-05 07:16:11.000000,192,0.0,0.0
2024-03-05 07:16:13.000000,193,0.0,0.0
2024-03-05 07:16:14.000000,287,1.0,0.0
2024-03-05 07:16:55.000000,192,0.0,0.0
2024-03-05 07:16:57.000000,193,0.0,0.0
2024-03-05 07:16:59.000000,287,1.0,0.0
2024-03-05 07:17:44.000000,192,0.0,0.0
2024-03-05 07:17:46.000000,193,0.0,0.0
2024-03-05 07:17:47.000000,287,1.0,0.0
2024-03-05 07:18:16.000000,144,0.0,0.0
2024-03-05 07:18:16.000000,143,0.0,0.0
2024-03-05 07:18:16.000000,143,0.0,0.0
2024-03-05 07:18:16.000000,199,0.0,0.0
2024-03-05 07:18:16.000000,341,0.0,0.0
2024-03-05 07:18:16.000000,199,0.0,0.0
2024-03-05 07:18:21.000000,256,1.0,0.0
2024-03-05 07:18:21.000000,436,0.0,0.0
2024-03-05 07:18:21.000000,435,0.0,0.0
2024-03-05 07:18:21.000000,435,0.0,0.0
2024-03-05 07:18:21.000000,433,0.0,0.0
2024-03-05 07:18:21.000000,432,0.0,0.0
2024-03-05 07:18:21.000000,431,0.0,0.0
2024-03-05 07:18:21.000000,195,0.0,0.0
2024-03-05 07:18:21.000000,273,0.0,0.0
2024-03-05 07:18:21.000000,434,0.0,0.0
2024-03-05 07:18:21.000000,196,0.0,0.0
2024-03-05 07:18:21.000000,439,0.0,0.0
2024-03-05 07:18:21.000000,437,0.0,0.0
2024-03-05 07:18:21.000000,438,0.0,0.0
2024-03-05 07:18:21.000000,257,0.0,0.0
2024-03-05 07:18:21.000000,440,0.0,0.0
2024-03-05 07:18:21.000000,442,0.0,0.0
2024-03-05 07:18:21.000000,435,0.0,0.0
2024-03-05 07:18:21.000000,245,0.0,0.0
2024-03-05 07:18:21.000000,443,0.0,0.0
2024-03-05 07:18:21.000000,444,0.0,0.0
2024-03-05 07:18:21.000000,445,0.0,0.0
2024-03-05 07:18:21.000000,212,0.0,0.0
2024-03-05 07:18:21.000000,189,0.0,0.0
2024-03-05 07:18:21.000000,272,0.0,0.0
2024-03-05 07:18:21.000000,274,0.0,0.0
2024-03-05 07:18:31.000000,446,0.0,0.0
2024-03-05 07:18:31.000000,352,0.0,0.0
2024-03-05 07:18:31.000000,266,0.0,0.0
2024-03-05 07:18:31.000000,458,1.0,0.0
2024-03-05 07:18:31.000000,457,1.0,0.0
2024-03-05 07:18:31.000000,257,0.0,0.0
2024-03-05 07:18:31.000000,257,0.0,0.0
2024-03-05 07:18:31.000000,456,0.0,0.0
2024-03-05 07:18:31.000000,455,0.0,0.0
2024-03-05 07:18:31.000000,257,0.0,0.0
2024-03-05 07:18:31.000000,443,0.0,0.0
2024-03-05 07:18:31.000000,454,0.0,0.0
2024-03-05 07:18:31.000000,435,0.0,0.0
2024-03-05 07:18:31.000000,452,0.0,0.0
2024-03-05 07:18:31.000000,257,0.0,0.0
2024-03-05 07:18:31.000000,257,0.0,0.0
2024-03-05 07:18:31.000000,257,0.0,0.0
2024-03-05 07:18:31.000000,353,0.0,0.0
2024-03-05 07:18:31.000000,353,0.0,0.0
2024-03-05 07:18:31.000000,451,0.0,0.0
2024-03-05 07:18:31.000000,447,1.0,0.0
2024-03-05 07:18:31.000000,257,0.0,0.0
2024-03-05 07:18:31.000000,257,0.0,0.0
2024-03-05 07:18:31.000000,257,0.0,0.0
2024-03-05 07:18:31.000000,449,0.0,0.0
2024-03-05 07:18:31.000000,257,0.0,0.0
2024-03-05 07:18:31.000000,450,0.0,0.0
2024-03-05 07:18:31.000000,448,0.0,0.0
2024-03-05 07:18:31.000000,353,0.0,0.0
2024-03-05 07:19:12.000000,192,0.0,0.0
2024-03-05 07:19:15.000000,193,0.0,0.0
2024-03-05 07:19:17.000000,287,1.0,0.0
2024-03-05 07:20:37.000000,257,0.0,0.0
2024-03-05 07:20:37.000000,445,0.0,0.0
2024-03-05 07:20:37.000000,444,0.0,0.0
2024-03-05 07:20:37.000000,432,0.0,0.0
2024-03-05 07:20:37.000000,431,0.0,0.0
2024-03-05 07:20:37.000000,433,0.0,0.0
2024-03-05 07:20:37.000000,434,0.0,0.0
2024-03-05 07:20:37.000000,435,0.0,0.0
2024-03-05 07:20:37.000000,443,0.0,0.0
2024-03-05 07:20:37.000000,435,0.0,0.0
2024-03-05 07:20:37.000000,212,0.0,0.0
2024-03-05 07:20:37.000000,438,0.0,0.0
2024-03-05 07:20:37.000000,437,0.0,0.0
2024-03-05 07:20:37.000000,256,1.0,0.0
2024-03-05 07:20:37.000000,436,0.0,0.0
2024-03-05 07:20:37.000000,435,0.0,0.0
2024-03-05 07:20:37.000000,245,0.0,0.0
2024-03-05 07:20:37.000000,442,0.0,0.0
2024-03-05 07:20:37.000000,189,0.0,0.0
2024-03-05 07:20:37.000000,439,0.0,0.0
2024-03-05 07:20:37.000000,272,0.0,0.0
2024-03-05 07:20:37.000000,273,0.0,0.0
2024-03-05 07:20:37.000000,195,0.0,0.0
2024-03-05 07:20:37.000000,196,0.0,0.0
2024-03-05 07:20:37.000000,274,0.0,0.0
2024-03-05 07:20:37.000000,440,0.0,0.0
2024-03-05 07:20:48.000000,443,0.0,0.0
2024-03-05 07:20:48.000000,448,0.0,0.0
2024-03-05 07:20:48.000000,257,0.0,0.0
2024-03-05 07:20:48.000000,257,0.0,0.0
2024-03-05 07:20:48.000000,456,0.0,0.0
2024-03-05 07:20:48.000000,257,0.0,0.0
2024-03-05 07:20:48.000000,257,0.0,0.0
2024-03-05 07:20:48.000000,457,1.0,0.0
2024-03-05 07:20:48.000000,450,0.0,0.0
2024-03-05 07:20:48.000000,257,0.0,0.0
2024-03-05 07:20:48.000000,455,0.0,0.0
2024-03-05 07:20:48.000000,447,1.0,0.0
2024-03-05 07:20:48.000000,257,0.0,0.0
2024-03-05 07:20:48.000000,454,0.0,0.0
2024-03-05 07:20:48.000000,353,0.0,0.0
2024-03-05 07:20:48.000000,353,0.0,0.0
2024-03-05 07:20:48.000000,266,0.0,0.0
2024-03-05 07:20:48.000000,257,0.0,0.0
2024-03-05 07:20:48.000000,435,0.0,0.0
2024-03-05 07:20:48.000000,452,0.0,0.0
2024-03-05 07:20:48.000000,257,0.0,0.0
2024-03-05 07:20:48.000000,353,0.0,0.0
2024-03-05 07:20:48.000000,451,0.0,0.0
2024-03-05 07:20:48.000000,257,0.0,0.0
2024-03-05 07:20:48.000000,458,1.0,0.0
2024-03-05 07:20:48.000000,446,0.0,0.0
2024-03-05 07:20:48.000000,352,0.0,0.0
2024-03-05 07:20:48.000000,257,0.0,0.0
2024-03-05 07:20:48.000000,449,0.0,0.0
2024-03-05 07:21:52.000000,143,0.0,0.0
2024-03-05 07:21:52.000000,143,0.0,0.0
2024-03-05 07:21:52.000000,144,0.0,0.0
2024-03-05 07:21:52.000000,143,0.0,0.0
2024-03-05 07:21:52.000000,143,0.0,0.0
2024-03-05 07:21:52.000000,145,0.0,0.0
2024-03-05 07:21:52.000000,197,0.0,0.0
2024-03-05 07:21:52.000000,200,0.0,0.0
2024-03-05 07:21:54.000000,200,0.0,0.0
2024-03-05 07:21:57.000000,432,0.0,0.0
2024-03-05 07:21:57.000000,257,0.0,0.0
2024-03-05 07:21:57.000000,212,0.0,0.0
2024-03-05 07:21:57.000000,445,0.0,0.0
2024-03-05 07:21:57.000000,444,0.0,0.0
2024-03-05 07:21:57.000000,443,0.0,0.0
2024-03-05 07:21:57.000000,245,0.0,0.0
2024-03-05 07:21:57.000000,435,0.0,0.0
2024-03-05 07:21:57.000000,442,0.0,0.0
2024-03-05 07:21:57.000000,440,0.0,0.0
2024-03-05 07:21:57.000000,439,0.0,0.0
2024-03-05 07:21:57.000000,437,0.0,0.0
2024-03-05 07:21:57.000000,256,1.0,0.0
2024-03-05 07:21:57.000000,436,0.0,0.0
2024-03-05 07:21:57.000000,435,0.0,0.0
2024-03-05 07:21:57.000000,435,0.0,0.0
2024-03-05 07:21:57.000000,434,0.0,0.0
2024-03-05 07:21:57.000000,433,0.0,0.0
2024-03-05 07:21:57.000000,431,0.0,0.0
2024-03-05 07:21:57.000000,438,0.0,0.0
2024-03-05 07:21:57.000000,189,0.0,0.0
2024-03-05 07:21:57.000000,273,0.0,0.0
2024-03-05 07:21:57.000000,272,0.0,0.0
2024-03-05 07:21:57.000000,274,0.0,0.0
2024-03-05 07:21:57.000000,196,0.0,0.0
2024-03-05 07:21:57.000000,195,0.0,0.0
2024-03-05 07:22:07.000000,446,0.0,0.0
2024-03-05 07:22:07.000000,352,0.0,0.0
2024-03-05 07:22:07.000000,266,0.0,0.0
2024-03-05 07:22:07.000000,353,0.0,0.0
2024-03-05 07:22:07.000000,353,0.0,0.0
2024-03-05 07:22:07.000000,353,0.0,0.0
2024-03-05 07:22:07.000000,257,0.0,0.0
2024-03-05 07:22:07.000000,447,1.0,0.0
2024-03-05 07:22:07.000000,257,0.0,0.0
2024-03-05 07:22:07.000000,456,0.0,0.0
2024-03-05 07:22:07.000000,257,0.0,0.0
2024-03-05 07:22:07.000000,257,0.0,0.0
2024-03-05 07:22:07.000000,450,0.0,0.0
2024-03-05 07:22:07.000000,257,0.0,0.0
2024-03-05 07:22:07.000000,451,0.0,0.0
2024-03-05 07:22:07.000000,257,0.0,0.0
2024-03-05 07:22:07.000000,452,0.0,0.0
2024-03-05 07:22:07.000000,455,0.0,0.0
2024-03-05 07:22:07.000000,435,0.0,0.0
2024-03-05 07:22:07.000000,257,0.0,0.0
2024-03-05 07:22:07.000000,454,0.0,0.0
2024-03-05 07:22:07.000000,448,0.0,0.0
2024-03-05 07:22:07.000000,449,0.0,0.0
2024-03-05 07:22:07.000000,257,0.0,0.0
2024-03-05 07:22:07.000000,257,0.0,0.0
2024-03-05 07:22:07.000000,443,0.0,0.0
2024-03-05 07:22:07.000000,257,0.0,0.0
2024-03-05 07:22:07.000000,457,1.0,0.0
2024-03-05 07:22:07.000000,458,1.0,0.0
2024-03-05 07:22:35.000000,192,0.0,0.0
2024-03-05 07:22:37.000000,287,1.0,0.0
2024-03-05 07:22:37.000000,193,0.0,0.0
2024-03-05 07:23:09.000000,195,0.0,0.0
2024-03-05 07:23:09.000000,189,0.0,0.0
2024-03-05 07:23:09.000000,432,0.0,0.0
2024-03-05 07:23:09.000000,433,0.0,0.0
2024-03-05 07:23:09.000000,434,0.0,0.0
2024-03-05 07:23:09.000000,431,0.0,0.0
2024-03-05 07:23:10.000000,435,0.0,0.0
2024-03-05 07:23:10.000000,212,0.0,0.0
2024-03-05 07:23:10.000000,257,0.0,0.0
2024-03-05 07:23:10.000000,443,0.0,0.0
2024-03-05 07:23:10.000000,245,0.0,0.0
2024-03-05 07:23:10.000000,435,0.0,0.0
2024-03-05 07:23:10.000000,440,0.0,0.0
2024-03-05 07:23:10.000000,439,0.0,0.0
2024-03-05 07:23:10.000000,435,0.0,0.0
2024-03-05 07:23:10.000000,437,0.0,0.0
2024-03-05 07:23:10.000000,256,1.0,0.0
2024-03-05 07:23:10.000000,436,0.0,0.0
2024-03-05 07:23:10.000000,442,0.0,0.0
2024-03-05 07:23:10.000000,438,0.0,0.0
2024-03-05 07:23:10.000000,444,0.0,0.0
2024-03-05 07:23:10.000000,445,0.0,0.0
2024-03-05 07:23:10.000000,274,0.0,0.0
2024-03-05 07:23:10.000000,272,0.0,0.0
2024-03-05 07:23:10.000000,273,0.0,0.0
2024-03-05 07:23:10.000000,196,0.0,0.0
2024-03-05 07:23:20.000000,450,0.0,0.0
2024-03-05 07:23:20.000000,257,0.0,0.0
2024-03-05 07:23:20.000000,443,0.0,0.0
2024-03-05 07:23:20.000000,454,0.0,0.0
2024-03-05 07:23:20.000000,257,0.0,0.0
2024-03-05 07:23:20.000000,435,0.0,0.0
2024-03-05 07:23:20.000000,452,0.0,0.0
2024-03-05 07:23:20.000000,257,0.0,0.0
2024-03-05 07:23:20.000000,451,0.0,0.0
2024-03-05 07:23:20.000000,257,0.0,0.0
2024-03-05 07:23:20.000000,353,0.0,0.0
2024-03-05 07:23:20.000000,257,0.0,0.0
2024-03-05 07:23:20.000000,449,0.0,0.0
2024-03-05 07:23:20.000000,257,0.0,0.0
2024-03-05 07:23:20.000000,257,0.0,0.0
2024-03-05 07:23:20.000000,448,0.0,0.0
2024-03-05 07:23:20.000000,257,0.0,0.0
2024-03-05 07:23:20.000000,447,1.0,0.0
2024-03-05 07:23:20.000000,257,0.0,0.0
2024-03-05 07:23:20.000000,353,0.0,0.0
2024-03-05 07:23:20.000000,352,0.0,0.0
2024-03-05 07:23:20.000000,266,0.0,0.0
2024-03-05 07:23:20.000000,353,0.0,0.0
2024-03-05 07:23:20.000000,257,0.0,0.0
2024-03-05 07:23:20.000000,457,1.0,0.0
2024-03-05 07:23:20.000000,446,0.0,0.0
2024-03-05 07:23:20.000000,458,1.0,0.0
2024-03-05 07:23:20.000000,455,0.0,0.0
2024-03-05 07:23:20.000000,456,0.0,0.0
2024-03-05 07:23:33.000000,209,0.0,0.0
2024-03-05 07:23:33.000000,211,0.0,0.0
2024-03-05 07:23:33.000000,210,0.0,0.0
2024-03-05 07:23:52.000000,192,0.0,0.0
2024-03-05 07:23:54.000000,193,0.0,0.0
2024-03-05 07:23:57.000000,287,1.0,0.0
2024-03-05 07:24:42.000000,192,0.0,0.0
2024-03-05 07:24:43.000000,193,0.0,0.0
2024-03-05 07:24:44.000000,287,1.0,0.0
2024-03-05 07:25:42.000000,432,0.0,0.0
2024-03-05 07:25:42.000000,189,0.0,0.0
2024-03-05 07:25:42.000000,431,0.0,0.0
2024-03-05 07:25:42.000000,445,0.0,0.0
2024-03-05 07:25:42.000000,444,0.0,0.0
2024-03-05 07:25:42.000000,443,0.0,0.0
2024-03-05 07:25:42.000000,245,0.0,0.0
2024-03-05 07:25:42.000000,435,0.0,0.0
2024-03-05 07:25:42.000000,442,0.0,0.0
2024-03-05 07:25:42.000000,212,0.0,0.0
2024-03-05 07:25:42.000000,439,0.0,0.0
2024-03-05 07:25:42.000000,433,0.0,0.0
2024-03-05 07:25:42.000000,434,0.0,0.0
2024-03-05 07:25:42.000000,440,0.0,0.0
2024-03-05 07:25:42.000000,435,0.0,0.0
2024-03-05 07:25:42.000000,195,0.0,0.0
2024-03-05 07:25:42.000000,436,0.0,0.0
2024-03-05 07:25:42.000000,256,1.0,0.0
2024-03-05 07:25:42.000000,435,0.0,0.0
2024-03-05 07:25:42.000000,437,0.0,0.0
2024-03-05 07:25:42.000000,438,0.0,0.0
2024-03-05 07:25:43.000000,257,0.0,0.0
2024-03-05 07:25:43.000000,196,0.0,0.0
2024-03-05 07:25:43.000000,274,0.0,0.0
2024-03-05 07:25:43.000000,272,0.0,0.0
2024-03-05 07:25:43.000000,273,0.0,0.0
2024-03-05 07:25:47.000000,144,0.0,0.0
2024-03-05 07:25:47.000000,143,0.0,0.0
2024-03-05 07:25:47.000000,342,1.0,0.0
2024-03-05 07:25:47.000000,199,0.0,0.0
2024-03-05 07:25:47.000000,143,0.0,0.0
2024-03-05 07:25:47.000000,342,1.0,0.0
2024-03-05 07:25:47.000000,341,0.0,0.0
2024-03-05 07:25:53.000000,452,0.0,0.0
2024-03-05 07:25:53.000000,352,0.0,0.0
2024-03-05 07:25:53.000000,446,0.0,0.0
2024-03-05 07:25:53.000000,458,1.0,0.0
2024-03-05 07:25:53.000000,457,1.0,0.0
2024-03-05 07:25:53.000000,257,0.0,0.0
2024-03-05 07:25:53.000000,257,0.0,0.0
2024-03-05 07:25:53.000000,456,0.0,0.0
2024-03-05 07:25:53.000000,455,0.0,0.0
2024-03-05 07:25:53.000000,443,0.0,0.0
2024-03-05 07:25:53.000000,454,0.0,0.0
2024-03-05 07:25:53.000000,257,0.0,0.0
2024-03-05 07:25:53.000000,435,0.0,0.0
2024-03-05 07:25:53.000000,257,0.0,0.0
2024-03-05 07:25:53.000000,451,0.0,0.0
2024-03-05 07:25:53.000000,257,0.0,0.0
2024-03-05 07:25:53.000000,450,0.0,0.0
2024-03-05 07:25:53.000000,266,0.0,0.0
2024-03-05 07:25:53.000000,257,0.0,0.0
2024-03-05 07:25:53.000000,353,0.0,0.0
2024-03-05 07:25:53.000000,353,0.0,0.0
2024-03-05 07:25:53.000000,353,0.0,0.0
2024-03-05 07:25:53.000000,447,1.0,0.0
2024-03-05 07:25:53.000000,257,0.0,0.0
2024-03-05 07:25:53.000000,448,0.0,0.0
2024-03-05 07:25:53.000000,257,0.0,0.0
2024-03-05 07:25:53.000000,449,0.0,0.0
2024-03-05 07:25:53.000000,257,0.0,0.0
2024-03-05 07:25:53.000000,257,0.0,0.0
2024-03-05 07:26:22.000000,445,0.0,0.0
2024-03-05 07:26:22.000000,212,0.0,0.0
2024-03-05 07:26:22.000000,257,0.0,0.0
2024-03-05 07:26:22.000000,273,0.0,0.0
2024-03-05 07:26:22.000000,195,0.0,0.0
2024-03-05 07:26:22.000000,189,0.0,0.0
2024-03-05 07:26:22.000000,274,0.0,0.0
2024-03-05 07:26:22.000000,196,0.0,0.0
2024-03-05 07:26:22.000000,444,0.0,0.0
2024-03-05 07:26:22.000000,272,0.0,0.0
2024-03-05 07:26:22.000000,443,0.0,0.0
2024-03-05 07:26:22.000000,431,0.0,0.0
2024-03-05 07:26:22.000000,435,0.0,0.0
2024-03-05 07:26:22.000000,245,0.0,0.0
2024-03-05 07:26:22.000000,256,1.0,0.0
2024-03-05 07:26:22.000000,437,0.0,0.0
2024-03-05 07:26:22.000000,435,0.0,0.0
2024-03-05 07:26:22.000000,435,0.0,0.0
2024-03-05 07:26:22.000000,436,0.0,0.0
2024-03-05 07:26:22.000000,433,0.0,0.0
2024-03-05 07:26:22.000000,432,0.0,0.0
2024-03-05 07:26:22.000000,438,0.0,0.0
2024-03-05 07:26:22.000000,439,0.0,0.0
2024-03-05 07:26:22.000000,440,0.0,0.0
2024-03-05 07:26:22.000000,442,0.0,0.0
2024-03-05 07:26:22.000000,434,0.0,0.0
2024-03-05 07:26:32.000000,458,1.0,0.0
2024-03-05 07:26:32.000000,457,1.0,0.0
2024-03-05 07:26:32.000000,257,0.0,0.0
2024-03-05 07:26:32.000000,257,0.0,0.0
2024-03-05 07:26:32.000000,456,0.0,0.0
2024-03-05 07:26:32.000000,455,0.0,0.0
2024-03-05 07:26:32.000000,257,0.0,0.0
2024-03-05 07:26:32.000000,443,0.0,0.0
2024-03-05 07:26:32.000000,454,0.0,0.0
2024-03-05 07:26:32.000000,452,0.0,0.0
2024-03-05 07:26:32.000000,435,0.0,0.0
2024-03-05 07:26:32.000000,446,0.0,0.0
2024-03-05 07:26:32.000000,352,0.0,0.0
2024-03-05 07:26:32.000000,266,0.0,0.0
2024-03-05 07:26:32.000000,353,0.0,0.0
2024-03-05 07:26:32.000000,257,0.0,0.0
2024-03-05 07:26:32.000000,353,0.0,0.0
2024-03-05 07:26:32.000000,257,0.0,0.0
2024-03-05 07:26:32.000000,447,1.0,0.0
2024-03-05 07:26:32.000000,257,0.0,0.0
2024-03-05 07:26:32.000000,353,0.0,0.0
2024-03-05 07:26:32.000000,257,0.0,0.0
2024-03-05 07:26:32.000000,450,0.0,0.0
2024-03-05 07:26:32.000000,257,0.0,0.0
2024-03-05 07:26:32.000000,449,0.0,0.0
2024-03-05 07:26:32.000000,257,0.0,0.0
2024-03-05 07:26:32.000000,448,0.0,0.0
2024-03-05 07:26:32.000000,257,0.0,0.0
2024-03-05 07:26:32.000000,451,0.0,0.0
2024-03-05 07:27:48.000000,192,0.0,0.0
2024-03-05 07:27:51.000000,193,0.0,0.0
2024-03-05 07:27:53.000000,287,1.0,0.0
2024-03-05 07:28:52.000000,196,0.0,0.0
2024-03-05 07:28:52.000000,195,0.0,0.0
2024-03-05 07:28:52.000000,433,0.0,0.0
2024-03-05 07:28:52.000000,440,0.0,0.0
2024-03-05 07:28:52.000000,442,0.0,0.0
2024-03-05 07:28:52.000000,435,0.0,0.0
2024-03-05 07:28:52.000000,245,0.0,0.0
2024-03-05 07:28:52.000000,443,0.0,0.0
2024-03-05 07:28:52.000000,444,0.0,0.0
2024-03-05 07:28:52.000000,445,0.0,0.0
2024-03-05 07:28:52.000000,212,0.0,0.0
2024-03-05 07:28:52.000000,257,0.0,0.0
2024-03-05 07:28:52.000000,274,0.0,0.0
2024-03-05 07:28:52.000000,439,0.0,0.0
2024-03-05 07:28:52.000000,437,0.0,0.0
2024-03-05 07:28:52.000000,438,0.0,0.0
2024-03-05 07:28:52.000000,436,0.0,0.0
2024-03-05 07:28:52.000000,256,1.0,0.0
2024-03-05 07:28:52.000000,431,0.0,0.0
2024-03-05 07:28:52.000000,432,0.0,0.0
2024-03-05 07:28:52.000000,273,0.0,0.0
2024-03-05 07:28:52.000000,272,0.0,0.0
2024-03-05 07:28:52.000000,189,0.0,0.0
2024-03-05 07:28:52.000000,434,0.0,0.0
2024-03-05 07:28:52.000000,435,0.0,0.0
2024-03-05 07:28:52.000000,435,0.0,0.0
2024-03-05 07:29:00.000000,145,0.0,0.0
2024-03-05 07:29:00.000000,144,0.0,0.0
2024-03-05 07:29:00.000000,143,0.0,0.0
2024-03-05 07:29:00.000000,143,0.0,0.0
2024-03-05 07:29:00.000000,204,1.0,0.0
2024-03-05 07:29:00.000000,198,0.0,0.0
2024-03-05 07:29:00.000000,143,0.0,0.0
2024-03-05 07:29:00.000000,143,0.0,0.0
2024-03-05 07:29:00.000000,205,1.0,0.0
2024-03-05 07:29:00.000000,197,0.0,0.0
2024-03-05 07:29:00.000000,203,0.0,0.0
2024-03-05 07:29:02.000000,198,0.0,0.0
2024-03-05 07:29:03.000000,435,0.0,0.0
2024-03-05 07:29:03.000000,257,0.0,0.0
2024-03-05 07:29:03.000000,458,1.0,0.0
2024-03-05 07:29:03.000000,457,1.0,0.0
2024-03-05 07:29:03.000000,257,0.0,0.0
2024-03-05 07:29:03.000000,257,0.0,0.0
2024-03-05 07:29:03.000000,456,0.0,0.0
2024-03-05 07:29:03.000000,455,0.0,0.0
2024-03-05 07:29:03.000000,257,0.0,0.0
2024-03-05 07:29:03.000000,443,0.0,0.0
2024-03-05 07:29:03.000000,454,0.0,0.0
2024-03-05 07:29:03.000000,446,0.0,0.0
2024-03-05 07:29:03.000000,352,0.0,0.0
2024-03-05 07:29:03.000000,266,0.0,0.0
2024-03-05 07:29:03.000000,353,0.0,0.0
2024-03-05 07:29:03.000000,353,0.0,0.0
2024-03-05 07:29:03.000000,353,0.0,0.0
2024-03-05 07:29:03.000000,447,1.0,0.0
2024-03-05 07:29:03.000000,452,0.0,0.0
2024-03-05 07:29:03.000000,257,0.0,0.0
2024-03-05 07:29:03.000000,448,0.0,0.0
2024-03-05 07:29:03.000000,257,0.0,0.0
2024-03-05 07:29:03.000000,449,0.0,0.0
2024-03-05 07:29:03.000000,257,0.0,0.0
2024-03-05 07:29:03.000000,451,0.0,0.0
2024-03-05 07:29:03.000000,257,0.0,0.0
2024-03-05 07:29:03.000000,257,0.0,0.0
2024-03-05 07:29:03.000000,450,0.0,0.0
2024-03-05 07:29:03.000000,257,0.0,0.0
2024-03-05 07:29:28.000000,256,1.0,0.0
2024-03-05 07:29:28.000000,436,0.0,0.0
2024-03-05 07:29:28.000000,435,0.0,0.0
2024-03-05 07:29:28.000000,434,0.0,0.0
2024-03-05 07:29:28.000000,435,0.0,0.0
2024-03-05 07:29:28.000000,433,0.0,0.0
2024-03-05 07:29:28.000000,432,0.0,0.0
2024-03-05 07:29:28.000000,431,0.0,0.0
2024-03-05 07:29:28.000000,195,0.0,0.0
2024-03-05 07:29:28.000000,189,0.0,0.0
2024-03-05 07:29:29.000000,212,0.0,0.0
2024-03-05 07:29:29.000000,445,0.0,0.0
2024-03-05 07:29:29.000000,444,0.0,0.0
2024-03-05 07:29:29.000000,443,0.0,0.0
2024-03-05 07:29:29.000000,245,0.0,0.0
2024-03-05 07:29:29.000000,435,0.0,0.0
2024-03-05 07:29:29.000000,442,0.0,0.0
2024-03-05 07:29:29.000000,440,0.0,0.0
2024-03-05 07:29:29.000000,439,0.0,0.0
2024-03-05 07:29:29.000000,437,0.0,0.0
2024-03-05 07:29:29.000000,273,0.0,0.0
2024-03-05 07:29:29.000000,272,0.0,0.0
2024-03-05 07:29:29.000000,196,0.0,0.0
2024-03-05 07:29:29.000000,274,0.0,0.0
2024-03-05 07:29:29.000000,257,0.0,0.0
2024-03-05 07:29:29.000000,438,0.0,0.0
2024-03-05 07:29:39.000000,353,0.0,0.0
2024-03-05 07:29:39.000000,353,0.0,0.0
2024-03-05 07:29:39.000000,266,0.0,0.0
2024-03-05 07:29:39.000000,257,0.0,0.0
2024-03-05 07:29:39.000000,446,0.0,0.0
2024-03-05 07:29:39.000000,456,0.0,0.0
2024-03-05 07:29:39.000000,257,0.0,0.0
2024-03-05 07:29:39.000000,257,0.0,0.0
2024-03-05 07:29:39.000000,457,1.0,0.0
2024-03-05 07:29:39.000000,458,1.0,0.0
2024-03-05 07:29:39.000000,455,0.0,0.0
2024-03-05 07:29:39.000000,352,0.0,0.0
2024-03-05 07:29:39.000000,353,0.0,0.0
2024-03-05 07:29:39.000000,257,0.0,0.0
2024-03-05 07:29:39.000000,447,1.0,0.0
2024-03-05 07:29:39.000000,257,0.0,0.0
2024-03-05 07:29:39.000000,452,0.0,0.0
2024-03-05 07:29:39.000000,435,0.0,0.0
2024-03-05 07:29:39.000000,257,0.0,0.0
2024-03-05 07:29:39.000000,454,0.0,0.0
2024-03-05 07:29:39.000000,449,0.0,0.0
2024-03-05 07:29:39.000000,257,0.0,0.0
2024-03-05 07:29:39.000000,450,0.0,0.0
2024-03-05 07:29:39.000000,257,0.0,0.0
2024-03-05 07:29:39.000000,443,0.0,0.0
2024-03-05 07:29:39.000000,448,0.0,0.0
2024-03-05 07:29:39.000000,257,0.0,0.0
2024-03-05 07:29:39.000000,257,0.0,0.0
2024-03-05 07:29:39.000000,451,0.0,0.0
2024-03-05 07:30:37.000000,192,0.0,0.0
2024-03-05 07:30:39.000000,287,1.0,0.0
2024-03-05 07:30:39.000000,193,0.0,0.0
2024-03-05 07:32:02.000000,445,0.0,0.0
2024-03-05 07:32:02.000000,438,0.0,0.0
2024-03-05 07:32:02.000000,439,0.0,0.0
2024-03-05 07:32:02.000000,440,0.0,0.0
2024-03-05 07:32:02.000000,442,0.0,0.0
2024-03-05 07:32:02.000000,444,0.0,0.0
2024-03-05 07:32:02.000000,245,0.0,0.0
2024-03-05 07:32:02.000000,443,0.0,0.0
2024-03-05 07:32:02.000000,437,0.0,0.0
2024-03-05 07:32:02.000000,212,0.0,0.0
2024-03-05 07:32:02.000000,435,0.0,0.0
2024-03-05 07:32:02.000000,256,1.0,0.0
2024-03-05 07:32:02.000000,435,0.0,0.0
2024-03-05 07:32:02.000000,435,0.0,0.0
2024-03-05 07:32:02.000000,434,0.0,0.0
2024-03-05 07:32:02.000000,433,0.0,0.0
2024-03-05 07:32:02.000000,432,0.0,0.0
2024-03-05 07:32:02.000000,431,0.0,0.0
2024-03-05 07:32:02.000000,189,0.0,0.0
2024-03-05 07:32:02.000000,195,0.0,0.0
2024-03-05 07:32:02.000000,436,0.0,0.0
2024-03-05 07:32:03.000000,272,0.0,0.0
2024-03-05 07:32:03.000000,257,0.0,0.0
2024-03-05 07:32:03.000000,196,0.0,0.0
2024-03-05 07:32:03.000000,274,0.0,0.0
2024-03-05 07:32:03.000000,273,0.0,0.0
2024-03-05 07:32:13.000000,257,0.0,0.0
2024-03-05 07:32:13.000000,257,0.0,0.0
2024-03-05 07:32:13.000000,454,0.0,0.0
2024-03-05 07:32:13.000000,443,0.0,0.0
2024-03-05 07:32:13.000000,455,0.0,0.0
2024-03-05 07:32:13.000000,435,0.0,0.0
2024-03-05 07:32:13.000000,257,0.0,0.0
2024-03-05 07:32:13.000000,257,0.0,0.0
2024-03-05 07:32:13.000000,457,1.0,0.0
2024-03-05 07:32:13.000000,458,1.0,0.0
2024-03-05 07:32:13.000000,456,0.0,0.0
2024-03-05 07:32:13.000000,452,0.0,0.0
2024-03-05 07:32:13.000000,257,0.0,0.0
2024-03-05 07:32:13.000000,266,0.0,0.0
2024-03-05 07:32:13.000000,352,0.0,0.0
2024-03-05 07:32:13.000000,451,0.0,0.0
2024-03-05 07:32:13.000000,353,0.0,0.0
2024-03-05 07:32:13.000000,353,0.0,0.0
2024-03-05 07:32:13.000000,353,0.0,0.0
2024-03-05 07:32:13.000000,446,0.0,0.0
2024-03-05 07:32:13.000000,447,1.0,0.0
2024-03-05 07:32:13.000000,257,0.0,0.0
2024-03-05 07:32:13.000000,448,0.0,0.0
2024-03-05 07:32:13.000000,257,0.0,0.0
2024-03-05 07:32:13.000000,449,0.0,0.0
2024-03-05 07:32:13.000000,257,0.0,0.0
2024-03-05 07:32:13.000000,450,0.0,0.0
2024-03-05 07:32:13.000000,257,0.0,0.0
2024-03-05 07:32:13.000000,257,0.0,0.0
2024-03-05 07:33:13.000000,257,0.0,0.0
2024-03-05 07:33:13.000000,189,0.0,0.0
2024-03-05 07:33:13.000000,195,0.0,0.0
2024-03-05 07:33:13.000000,440,0.0,0.0
2024-03-05 07:33:13.000000,442,0.0,0.0
2024-03-05 07:33:13.000000,435,0.0,0.0
2024-03-05 07:33:13.000000,245,0.0,0.0
2024-03-05 07:33:13.000000,272,0.0,0.0
2024-03-05 07:33:13.000000,444,0.0,0.0
2024-03-05 07:33:13.000000,273,0.0,0.0
2024-03-05 07:33:13.000000,443,0.0,0.0
2024-03-05 07:33:13.000000,437,0.0,0.0
2024-03-05 07:33:13.000000,196,0.0,0.0
2024-03-05 07:33:13.000000,439,0.0,0.0
2024-03-05 07:33:13.000000,438,0.0,0.0
2024-03-05 07:33:13.000000,445,0.0,0.0
2024-03-05 07:33:13.000000,256,1.0,0.0
2024-03-05 07:33:13.000000,436,0.0,0.0
2024-03-05 07:33:13.000000,435,0.0,0.0
2024-03-05 07:33:13.000000,435,0.0,0.0
2024-03-05 07:33:13.000000,434,0.0,0.0
2024-03-05 07:33:13.000000,433,0.0,0.0
2024-03-05 07:33:13.000000,432,0.0,0.0
2024-03-05 07:33:13.000000,431,0.0,0.0
2024-03-05 07:33:13.000000,274,0.0,0.0
2024-03-05 07:33:13.000000,212,0.0,0.0
2024-03-05 07:33:24.000000,257,0.0,0.0
2024-03-05 07:33:24.000000,450,0.0,0.0
2024-03-05 07:33:24.000000,257,0.0,0.0
2024-03-05 07:33:24.000000,452,0.0,0.0
2024-03-05 07:33:24.000000,451,0.0,0.0
2024-03-05 07:33:24.000000,435,0.0,0.0
2024-03-05 07:33:24.000000,457,1.0,0.0
2024-03-05 07:33:24.000000,454,0.0,0.0
2024-03-05 07:33:24.000000,443,0.0,0.0
2024-03-05 07:33:24.000000,257,0.0,0.0
2024-03-05 07:33:24.000000,455,0.0,0.0
2024-03-05 07:33:24.000000,456,0.0,0.0
2024-03-05 07:33:24.000000,257,0.0,0.0
2024-03-05 07:33:24.000000,257,0.0,0.0
2024-03-05 07:33:24.000000,458,1.0,0.0
2024-03-05 07:33:24.000000,257,0.0,0.0
2024-03-05 07:33:24.000000,257,0.0,0.0
2024-03-05 07:33:24.000000,448,0.0,0.0
2024-03-05 07:33:24.000000,257,0.0,0.0
2024-03-05 07:33:24.000000,446,0.0,0.0
2024-03-05 07:33:24.000000,449,0.0,0.0
2024-03-05 07:33:24.000000,266,0.0,0.0
2024-03-05 07:33:24.000000,353,0.0,0.0
2024-03-05 07:33:24.000000,353,0.0,0.0
2024-03-05 07:33:24.000000,352,0.0,0.0
2024-03-05 07:33:24.000000,257,0.0,0.0
2024-03-05 07:33:24.000000,447,1.0,0.0
2024-03-05 07:33:24.000000,257,0.0,0.0
2024-03-05 07:33:24.000000,353,0.0,0.0
2024-03-05 07:33:59.000000,192,0.0,0.0
2024-03-05 07:34:01.000000,193,0.0,0.0
2024-03-05 07:34:02.000000,287,1.0,0.0
2024-03-05 07:35:27.000000,443,0.0,0.0
2024-03-05 07:35:27.000000,444,0.0,0.0
2024-03-05 07:35:27.000000,445,0.0,0.0
2024-03-05 07:35:27.000000,212,0.0,0.0
2024-03-05 07:35:27.000000,257,0.0,0.0
2024-03-05 07:35:27.000000,274,0.0,0.0
2024-03-05 07:35:27.000000,195,0.0,0.0
2024-03-05 07:35:27.000000,273,0.0,0.0
2024-03-05 07:35:27.000000,272,0.0,0.0
2024-03-05 07:35:27.000000,435,0.0,0.0
2024-03-05 07:35:27.000000,189,0.0,0.0
2024-03-05 07:35:27.000000,196,0.0,0.0
2024-03-05 07:35:27.000000,442,0.0,0.0
2024-03-05 07:35:27.000000,245,0.0,0.0
2024-03-05 07:35:27.000000,439,0.0,0.0
2024-03-05 07:35:27.000000,434,0.0,0.0
2024-03-05 07:35:27.000000,433,0.0,0.0
2024-03-05 07:35:27.000000,435,0.0,0.0
2024-03-05 07:35:27.000000,432,0.0,0.0
2024-03-05 07:35:27.000000,431,0.0,0.0
2024-03-05 07:35:27.000000,440,0.0,0.0
2024-03-05 07:35:27.000000,435,0.0,0.0
2024-03-05 07:35:27.000000,256,1.0,0.0
2024-03-05 07:35:27.000000,437,0.0,0.0
2024-03-05 07:35:27.000000,438,0.0,0.0
2024-03-05 07:35:27.000000,436,0.0,0.0
2024-03-05 07:35:38.000000,446,0.0,0.0
2024-03-05 07:35:38.000000,458,1.0,0.0
2024-03-05 07:35:38.000000,457,1.0,0.0
2024-03-05 07:35:38.000000,257,0.0,0.0
2024-03-05 07:35:38.000000,257,0.0,0.0
2024-03-05 07:35:38.000000,456,0.0,0.0
2024-03-05 07:35:38.000000,455,0.0,0.0
2024-03-05 07:35:38.000000,257,0.0,0.0
2024-03-05 07:35:38.000000,443,0.0,0.0
2024-03-05 07:35:38.000000,454,0.0,0.0
2024-03-05 07:35:38.000000,435,0.0,0.0
2024-03-05 07:35:38.000000,352,0.0,0.0
2024-03-05 07:35:38.000000,257,0.0,0.0
2024-03-05 07:35:38.000000,266,0.0,0.0
2024-03-05 07:35:38.000000,353,0.0,0.0
2024-03-05 07:35:38.000000,353,0.0,0.0
2024-03-05 07:35:38.000000,353,0.0,0.0
2024-03-05 07:35:38.000000,257,0.0,0.0
2024-03-05 07:35:38.000000,452,0.0,0.0
2024-03-05 07:35:38.000000,257,0.0,0.0
2024-03-05 07:35:38.000000,447,1.0,0.0
2024-03-05 07:35:38.000000,257,0.0,0.0
2024-03-05 07:35:38.000000,449,0.0,0.0
2024-03-05 07:35:38.000000,257,0.0,0.0
2024-03-05 07:35:38.000000,450,0.0,0.0
2024-03-05 07:35:38.000000,257,0.0,0.0
2024-03-05 07:35:38.000000,451,0.0,0.0
2024-03-05 07:35:38.000000,448,0.0,0.0
2024-03-05 07:35:38.000000,257,0.0,0.0
2024-03-05 07:36:00.000000,195,0.0,0.0
2024-03-05 07:36:00.000000,189,0.0,0.0
2024-03-05 07:36:00.000000,433,0.0,0.0
2024-03-05 07:36:00.000000,431,0.0,0.0
2024-03-05 07:36:00.000000,432,0.0,0.0
2024-03-05 07:36:00.000000,434,0.0,0.0
2024-03-05 07:36:01.000000,438,0.0,0.0
2024-03-05 07:36:01.000000,274,0.0,0.0
2024-03-05 07:36:01.000000,196,0.0,0.0
2024-03-05 07:36:01.000000,273,0.0,0.0
2024-03-05 07:36:01.000000,437,0.0,0.0
2024-03-05 07:36:01.000000,435,0.0,0.0
2024-03-05 07:36:01.000000,436,0.0,0.0
2024-03-05 07:36:01.000000,272,0.0,0.0
2024-03-05 07:36:01.000000,257,0.0,0.0
2024-03-05 07:36:01.000000,439,0.0,0.0
2024-03-05 07:36:01.000000,256,1.0,0.0
2024-03-05 07:36:01.000000,442,0.0,0.0
2024-03-05 07:36:01.000000,435,0.0,0.0
2024-03-05 07:36:01.000000,245,0.0,0.0
2024-03-05 07:36:01.000000,440,0.0,0.0
2024-03-05 07:36:01.000000,443,0.0,0.0
2024-03-05 07:36:01.000000,444,0.0,0.0
2024-03-05 07:36:01.000000,445,0.0,0.0
2024-03-05 07:36:01.000000,212,0.0,0.0
2024-03-05 07:36:01.000000,435,0.0,0.0
2024-03-05 07:36:11.000000,458,1.0,0.0
2024-03-05 07:36:11.000000,457,1.0,0.0
2024-03-05 07:36:11.000000,257,0.0,0.0
2024-03-05 07:36:11.000000,257,0.0,0.0
2024-03-05 07:36:11.000000,456,0.0,0.0
2024-03-05 07:36:11.000000,455,0.0,0.0
2024-03-05 07:36:11.000000,257,0.0,0.0
2024-03-05 07:36:11.000000,443,0.0,0.0
2024-03-05 07:36:11.000000,257,0.0,0.0
2024-03-05 07:36:11.000000,446,0.0,0.0
2024-03-05 07:36:11.000000,352,0.0,0.0
2024-03-05 07:36:11.000000,266,0.0,0.0
2024-03-05 07:36:11.000000,353,0.0,0.0
2024-03-05 07:36:11.000000,353,0.0,0.0
2024-03-05 07:36:11.000000,353,0.0,0.0
2024-03-05 07:36:11.000000,447,1.0,0.0
2024-03-05 07:36:11.000000,257,0.0,0.0
2024-03-05 07:36:11.000000,448,0.0,0.0
2024-03-05 07:36:11.000000,257,0.0,0.0
2024-03-05 07:36:11.000000,449,0.0,0.0
2024-03-05 07:36:11.000000,257,0.0,0.0
2024-03-05 07:36:11.000000,454,0.0,0.0
2024-03-05 07:36:11.000000,257,0.0,0.0
2024-03-05 07:36:11.000000,450,0.0,0.0
2024-03-05 07:36:11.000000,451,0.0,0.0
2024-03-05 07:36:11.000000,257,0.0,0.0
2024-03-05 07:36:11.000000,452,0.0,0.0
2024-03-05 07:36:11.000000,435,0.0,0.0
2024-03-05 07:36:11.000000,257,0.0,0.0
2024-03-05 07:36:57.000000,435,0.0,0.0
2024-03-05 07:36:57.000000,189,0.0,0.0
2024-03-05 07:36:57.000000,431,0.0,0.0
2024-03-05 07:36:57.000000,195,0.0,0.0
2024-03-05 07:36:57.000000,432,0.0,0.0
2024-03-05 07:36:57.000000,436,0.0,0.0
2024-03-05 07:36:57.000000,433,0.0,0.0
2024-03-05 07:36:57.000000,256,1.0,0.0
2024-03-05 07:36:57.000000,435,0.0,0.0
2024-03-05 07:36:57.000000,212,0.0,0.0
2024-03-05 07:36:57.000000,445,0.0,0.0
2024-03-05 07:36:57.000000,444,0.0,0.0
2024-03-05 07:36:57.000000,443,0.0,0.0
2024-03-05 07:36:57.000000,245,0.0,0.0
2024-03-05 07:36:57.000000,435,0.0,0.0
2024-03-05 07:36:57.000000,442,0.0,0.0
2024-03-05 07:36:57.000000,440,0.0,0.0
2024-03-05 07:36:57.000000,439,0.0,0.0
2024-03-05 07:36:57.000000,438,0.0,0.0
2024-03-05 07:36:57.000000,437,0.0,0.0
2024-03-05 07:36:57.000000,434,0.0,0.0
2024-03-05 07:36:58.000000,273,0.0,0.0
2024-03-05 07:36:58.000000,274,0.0,0.0
2024-03-05 07:36:58.000000,257,0.0,0.0
2024-03-05 07:36:58.000000,272,0.0,0.0
2024-03-05 07:36:58.000000,196,0.0,0.0
2024-03-05 07:37:08.000000,257,0.0,0.0
2024-03-05 07:37:08.000000,457,1.0,0.0
2024-03-05 07:37:08.000000,458,1.0,0.0
2024-03-05 07:37:08.000000,435,0.0,0.0
2024-03-05 07:37:08.000000,456,0.0,0.0
2024-03-05 07:37:08.000000,446,0.0,0.0
2024-03-05 07:37:08.000000,352,0.0,0.0
2024-03-05 07:37:08.000000,266,0.0,0.0
2024-03-05 07:37:08.000000,353,0.0,0.0
2024-03-05 07:37:08.000000,353,0.0,0.0
2024-03-05 07:37:08.000000,353,0.0,0.0
2024-03-05 07:37:08.000000,257,0.0,0.0
2024-03-05 07:37:08.000000,447,1.0,0.0
2024-03-05 07:37:08.000000,257,0.0,0.0
2024-03-05 07:37:08.000000,448,0.0,0.0
2024-03-05 07:37:08.000000,449,0.0,0.0
2024-03-05 07:37:08.000000,257,0.0,0.0
2024-03-05 07:37:08.000000,450,0.0,0.0
2024-03-05 07:37:08.000000,257,0.0,0.0
2024-03-05 07:37:08.000000,451,0.0,0.0
2024-03-05 07:37:08.000000,257,0.0,0.0
2024-03-05 07:37:08.000000,452,0.0,0.0
2024-03-05 07:37:08.000000,257,0.0,0.0
2024-03-05 07:37:08.000000,454,0.0,0.0
2024-03-05 07:37:08.000000,257,0.0,0.0
2024-03-05 07:37:08.000000,455,0.0,0.0
2024-03-05 07:37:08.000000,257,0.0,0.0
2024-03-05 07:37:08.000000,257,0.0,0.0
2024-03-05 07:37:08.000000,443,0.0,0.0
2024-03-05 07:37:58.000000,435,0.0,0.0
2024-03-05 07:37:58.000000,195,0.0,0.0
2024-03-05 07:37:58.000000,442,0.0,0.0
2024-03-05 07:37:58.000000,273,0.0,0.0
2024-03-05 07:37:58.000000,272,0.0,0.0
2024-03-05 07:37:58.000000,189,0.0,0.0
2024-03-05 07:37:58.000000,196,0.0,0.0
2024-03-05 07:37:58.000000,257,0.0,0.0
2024-03-05 07:37:58.000000,212,0.0,0.0
2024-03-05 07:37:58.000000,445,0.0,0.0
2024-03-05 07:37:58.000000,444,0.0,0.0
2024-03-05 07:37:58.000000,443,0.0,0.0
2024-03-05 07:37:58.000000,274,0.0,0.0
2024-03-05 07:37:58.000000,431,0.0,0.0
2024-03-05 07:37:58.000000,435,0.0,0.0
2024-03-05 07:37:58.000000,245,0.0,0.0
2024-03-05 07:37:58.000000,436,0.0,0.0
2024-03-05 07:37:58.000000,256,1.0,0.0
2024-03-05 07:37:58.000000,437,0.0,0.0
2024-03-05 07:37:58.000000,438,0.0,0.0
2024-03-05 07:37:58.000000,435,0.0,0.0
2024-03-05 07:37:58.000000,440,0.0,0.0
2024-03-05 07:37:58.000000,434,0.0,0.0
2024-03-05 07:37:58.000000,433,0.0,0.0
2024-03-05 07:37:58.000000,432,0.0,0.0
2024-03-05 07:37:58.000000,439,0.0,0.0
2024-03-05 07:38:08.000000,458,1.0,0.0
2024-03-05 07:38:08.000000,457,1.0,0.0
2024-03-05 07:38:08.000000,257,0.0,0.0
2024-03-05 07:38:08.000000,257,0.0,0.0
2024-03-05 07:38:08.000000,456,0.0,0.0
2024-03-05 07:38:08.000000,455,0.0,0.0
2024-03-05 07:38:08.000000,257,0.0,0.0
2024-03-05 07:38:08.000000,443,0.0,0.0
2024-03-05 07:38:08.000000,454,0.0,0.0
2024-03-05 07:38:08.000000,257,0.0,0.0
2024-03-05 07:38:08.000000,452,0.0,0.0
2024-03-05 07:38:08.000000,257,0.0,0.0
2024-03-05 07:38:08.000000,446,0.0,0.0
2024-03-05 07:38:08.000000,352,0.0,0.0
2024-03-05 07:38:08.000000,266,0.0,0.0
2024-03-05 07:38:08.000000,353,0.0,0.0
2024-03-05 07:38:08.000000,353,0.0,0.0
2024-03-05 07:38:08.000000,435,0.0,0.0
2024-03-05 07:38:08.000000,257,0.0,0.0
2024-03-05 07:38:08.000000,353,0.0,0.0
2024-03-05 07:38:08.000000,257,0.0,0.0
2024-03-05 07:38:08.000000,448,0.0,0.0
2024-03-05 07:38:08.000000,449,0.0,0.0
2024-03-05 07:38:08.000000,257,0.0,0.0
2024-03-05 07:38:08.000000,450,0.0,0.0
2024-03-05 07:38:08.000000,257,0.0,0.0
2024-03-05 07:38:08.000000,451,0.0,0.0
2024-03-05 07:38:08.000000,447,1.0,0.0
2024-03-05 07:38:08.000000,257,0.0,0.0
2024-03-05 07:38:59.000000,192,0.0,0.0
2024-03-05 07:39:00.000000,193,0.0,0.0
2024-03-05 07:39:01.000000,287,1.0,0.0
2024-03-05 07:39:51.000000,192,0.0,0.0
2024-03-05 07:39:53.000000,193,0.0,0.0
2024-03-05 07:39:55.000000,287,1.0,0.0
2024-03-05 07:41:07.000000,192,0.0,0.0
2024-03-05 07:41:09.000000,287,1.0,0.0
2024-03-05 07:41:09.000000,193,0.0,0.0
2024-03-05 07:41:59.000000,434,0.0,0.0
2024-03-05 07:41:59.000000,272,0.0,0.0
2024-03-05 07:41:59.000000,274,0.0,0.0
2024-03-05 07:41:59.000000,196,0.0,0.0
2024-03-05 07:41:59.000000,195,0.0,0.0
2024-03-05 07:41:59.000000,445,0.0,0.0
2024-03-05 07:41:59.000000,444,0.0,0.0
2024-03-05 07:41:59.000000,443,0.0,0.0
2024-03-05 07:41:59.000000,245,0.0,0.0
2024-03-05 07:41:59.000000,212,0.0,0.0
2024-03-05 07:41:59.000000,257,0.0,0.0
2024-03-05 07:41:59.000000,431,0.0,0.0
2024-03-05 07:41:59.000000,433,0.0,0.0
2024-03-05 07:41:59.000000,189,0.0,0.0
2024-03-05 07:41:59.000000,435,0.0,0.0
2024-03-05 07:41:59.000000,442,0.0,0.0
2024-03-05 07:41:59.000000,440,0.0,0.0
2024-03-05 07:41:59.000000,439,0.0,0.0
2024-03-05 07:41:59.000000,438,0.0,0.0
2024-03-05 07:41:59.000000,437,0.0,0.0
2024-03-05 07:41:59.000000,256,1.0,0.0
2024-03-05 07:41:59.000000,436,0.0,0.0
2024-03-05 07:41:59.000000,435,0.0,0.0
2024-03-05 07:41:59.000000,435,0.0,0.0
2024-03-05 07:41:59.000000,432,0.0,0.0
2024-03-05 07:41:59.000000,273,0.0,0.0
2024-03-05 07:42:09.000000,435,0.0,0.0
2024-03-05 07:42:09.000000,447,1.0,0.0
2024-03-05 07:42:09.000000,353,0.0,0.0
2024-03-05 07:42:09.000000,353,0.0,0.0
2024-03-05 07:42:09.000000,353,0.0,0.0
2024-03-05 07:42:09.000000,266,0.0,0.0
2024-03-05 07:42:09.000000,257,0.0,0.0
2024-03-05 07:42:09.000000,257,0.0,0.0
2024-03-05 07:42:09.000000,450,0.0,0.0
2024-03-05 07:42:09.000000,448,0.0,0.0
2024-03-05 07:42:09.000000,454,0.0,0.0
2024-03-05 07:42:09.000000,443,0.0,0.0
2024-03-05 07:42:09.000000,257,0.0,0.0
2024-03-05 07:42:09.000000,455,0.0,0.0
2024-03-05 07:42:09.000000,456,0.0,0.0
2024-03-05 07:42:09.000000,257,0.0,0.0
2024-03-05 07:42:09.000000,257,0.0,0.0
2024-03-05 07:42:09.000000,457,1.0,0.0
2024-03-05 07:42:09.000000,458,1.0,0.0
2024-03-05 07:42:09.000000,257,0.0,0.0
2024-03-05 07:42:09.000000,452,0.0,0.0
2024-03-05 07:42:09.000000,451,0.0,0.0
2024-03-05 07:42:09.000000,257,0.0,0.0
2024-03-05 07:42:09.000000,352,0.0,0.0
2024-03-05 07:42:09.000000,257,0.0,0.0
2024-03-05 07:42:09.000000,449,0.0,0.0
2024-03-05 07:42:09.000000,257,0.0,0.0
2024-03-05 07:42:09.000000,257,0.0,0.0
2024-03-05 07:42:09.000000,446,0.0,0.0
2024-03-05 07:43:14.000000,192,0.0,0.0
2024-03-05 07:43:16.000000,287,1.0,0.0
2024-03-05 07:43:16.000000,193,0.0,0.0
2024-03-05 07:44:06.000000,192,0.0,0.0
2024-03-05 07:44:08.000000,193,0.0,0.0
2024-03-05 07:44:09.000000,287,1.0,0.0
2024-03-05 07:44:53.000000,192,0.0,0.0
2024-03-05 07:44:54.000000,193,0.0,0.0
2024-03-05 07:44:55.000000,287,1.0,0.0
2024-03-05 07:45:59.000000,195,0.0,0.0
2024-03-05 07:45:59.000000,189,0.0,0.0
2024-03-05 07:45:59.000000,445,0.0,0.0
2024-03-05 07:45:59.000000,444,0.0,0.0
2024-03-05 07:45:59.000000,443,0.0,0.0
2024-03-05 07:45:59.000000,245,0.0,0.0
2024-03-05 07:45:59.000000,435,0.0,0.0
2024-03-05 07:45:59.000000,442,0.0,0.0
2024-03-05 07:45:59.000000,212,0.0,0.0
2024-03-05 07:45:59.000000,439,0.0,0.0
2024-03-05 07:45:59.000000,431,0.0,0.0
2024-03-05 07:45:59.000000,432,0.0,0.0
2024-03-05 07:45:59.000000,440,0.0,0.0
2024-03-05 07:45:59.000000,433,0.0,0.0
2024-03-05 07:45:59.000000,434,0.0,0.0
2024-03-05 07:45:59.000000,435,0.0,0.0
2024-03-05 07:45:59.000000,435,0.0,0.0
2024-03-05 07:45:59.000000,436,0.0,0.0
2024-03-05 07:45:59.000000,256,1.0,0.0
2024-03-05 07:45:59.000000,437,0.0,0.0
2024-03-05 07:45:59.000000,438,0.0,0.0
2024-03-05 07:46:00.000000,274,0.0,0.0
2024-03-05 07:46:00.000000,196,0.0,0.0
2024-03-05 07:46:00.000000,273,0.0,0.0
2024-03-05 07:46:00.000000,257,0.0,0.0
2024-03-05 07:46:00.000000,272,0.0,0.0
2024-03-05 07:46:10.000000,443,0.0,0.0
2024-03-05 07:46:10.000000,458,1.0,0.0
2024-03-05 07:46:10.000000,457,1.0,0.0
2024-03-05 07:46:10.000000,257,0.0,0.0
2024-03-05 07:46:10.000000,456,0.0,0.0
2024-03-05 07:46:10.000000,455,0.0,0.0
2024-03-05 07:46:10.000000,257,0.0,0.0
2024-03-05 07:46:10.000000,454,0.0,0.0
2024-03-05 07:46:10.000000,257,0.0,0.0
2024-03-05 07:46:10.000000,435,0.0,0.0
2024-03-05 07:46:10.000000,449,0.0,0.0
2024-03-05 07:46:10.000000,257,0.0,0.0
2024-03-05 07:46:10.000000,448,0.0,0.0
2024-03-05 07:46:10.000000,257,0.0,0.0
2024-03-05 07:46:10.000000,447,1.0,0.0
2024-03-05 07:46:10.000000,257,0.0,0.0
2024-03-05 07:46:10.000000,353,0.0,0.0
2024-03-05 07:46:10.000000,353,0.0,0.0
2024-03-05 07:46:10.000000,257,0.0,0.0
2024-03-05 07:46:10.000000,266,0.0,0.0
2024-03-05 07:46:10.000000,353,0.0,0.0
2024-03-05 07:46:10.000000,446,0.0,0.0
2024-03-05 07:46:10.000000,257,0.0,0.0
2024-03-05 07:46:10.000000,450,0.0,0.0
2024-03-05 07:46:10.000000,257,0.0,0.0
2024-03-05 07:46:10.000000,451,0.0,0.0
2024-03-05 07:46:10.000000,257,0.0,0.0
2024-03-05 07:46:10.000000,452,0.0,0.0
2024-03-05 07:46:10.000000,352,0.0,0.0
2024-03-05 07:47:25.000000,195,0.0,0.0
2024-03-05 07:47:25.000000,196,0.0,0.0
2024-03-05 07:47:25.000000,274,0.0,0.0
2024-03-05 07:47:25.000000,189,0.0,0.0
2024-03-05 07:47:25.000000,272,0.0,0.0
2024-03-05 07:47:25.000000,273,0.0,0.0
2024-03-05 07:47:25.000000,445,0.0,0.0
2024-03-05 07:47:25.000000,212,0.0,0.0
2024-03-05 07:47:25.000000,431,0.0,0.0
2024-03-05 07:47:25.000000,432,0.0,0.0
2024-03-05 07:47:25.000000,433,0.0,0.0
2024-03-05 07:47:25.000000,434,0.0,0.0
2024-03-05 07:47:25.000000,435,0.0,0.0
2024-03-05 07:47:25.000000,435,0.0,0.0
2024-03-05 07:47:25.000000,257,0.0,0.0
2024-03-05 07:47:25.000000,256,1.0,0.0
2024-03-05 07:47:25.000000,436,0.0,0.0
2024-03-05 07:47:25.000000,438,0.0,0.0
2024-03-05 07:47:25.000000,439,0.0,0.0
2024-03-05 07:47:25.000000,440,0.0,0.0
2024-03-05 07:47:25.000000,442,0.0,0.0
2024-03-05 07:47:25.000000,435,0.0,0.0
2024-03-05 07:47:25.000000,245,0.0,0.0
2024-03-05 07:47:25.000000,443,0.0,0.0
2024-03-05 07:47:25.000000,444,0.0,0.0
2024-03-05 07:47:25.000000,437,0.0,0.0
2024-03-05 07:47:35.000000,257,0.0,0.0
2024-03-05 07:47:35.000000,458,1.0,0.0
2024-03-05 07:47:35.000000,457,1.0,0.0
2024-03-05 07:47:35.000000,257,0.0,0.0
2024-03-05 07:47:35.000000,353,0.0,0.0
2024-03-05 07:47:35.000000,455,0.0,0.0
2024-03-05 07:47:35.000000,257,0.0,0.0
2024-03-05 07:47:35.000000,435,0.0,0.0
2024-03-05 07:47:35.000000,452,0.0,0.0
2024-03-05 07:47:35.000000,257,0.0,0.0
2024-03-05 07:47:35.000000,451,0.0,0.0
2024-03-05 07:47:35.000000,257,0.0,0.0
2024-03-05 07:47:35.000000,450,0.0,0.0
2024-03-05 07:47:35.000000,257,0.0,0.0
2024-03-05 07:47:35.000000,449,0.0,0.0
2024-03-05 07:47:35.000000,257,0.0,0.0
2024-03-05 07:47:35.000000,446,0.0,0.0
2024-03-05 07:47:35.000000,448,0.0,0.0
2024-03-05 07:47:35.000000,447,1.0,0.0
2024-03-05 07:47:35.000000,257,0.0,0.0
2024-03-05 07:47:35.000000,353,0.0,0.0
2024-03-05 07:47:35.000000,353,0.0,0.0
2024-03-05 07:47:35.000000,266,0.0,0.0
2024-03-05 07:47:35.000000,352,0.0,0.0
2024-03-05 07:47:35.000000,454,0.0,0.0
2024-03-05 07:47:35.000000,443,0.0,0.0
2024-03-05 07:47:35.000000,257,0.0,0.0
2024-03-05 07:47:35.000000,257,0.0,0.0
2024-03-05 07:47:35.000000,456,0.0,0.0
2024-03-05 07:48:24.000000,195,0.0,0.0
2024-03-05 07:48:24.000000,189,0.0,0.0
2024-03-05 07:48:24.000000,212,0.0,0.0
2024-03-05 07:48:24.000000,431,0.0,0.0
2024-03-05 07:48:24.000000,432,0.0,0.0
2024-03-05 07:48:24.000000,433,0.0,0.0
2024-03-05 07:48:24.000000,434,0.0,0.0
2024-03-05 07:48:24.000000,435,0.0,0.0
2024-03-05 07:48:24.000000,435,0.0,0.0
2024-03-05 07:48:24.000000,436,0.0,0.0
2024-03-05 07:48:24.000000,256,1.0,0.0
2024-03-05 07:48:24.000000,437,0.0,0.0
2024-03-05 07:48:24.000000,438,0.0,0.0
2024-03-05 07:48:24.000000,439,0.0,0.0
2024-03-05 07:48:24.000000,440,0.0,0.0
2024-03-05 07:48:24.000000,442,0.0,0.0
2024-03-05 07:48:24.000000,435,0.0,0.0
2024-03-05 07:48:24.000000,245,0.0,0.0
2024-03-05 07:48:24.000000,443,0.0,0.0
2024-03-05 07:48:24.000000,444,0.0,0.0
2024-03-05 07:48:24.000000,445,0.0,0.0
2024-03-05 07:48:25.000000,272,0.0,0.0
2024-03-05 07:48:25.000000,273,0.0,0.0
2024-03-05 07:48:25.000000,196,0.0,0.0
2024-03-05 07:48:25.000000,274,0.0,0.0
2024-03-05 07:48:25.000000,257,0.0,0.0
2024-03-05 07:48:35.000000,450,0.0,0.0
2024-03-05 07:48:35.000000,257,0.0,0.0
2024-03-05 07:48:35.000000,257,0.0,0.0
2024-03-05 07:48:35.000000,457,1.0,0.0
2024-03-05 07:48:35.000000,257,0.0,0.0
2024-03-05 07:48:35.000000,257,0.0,0.0
2024-03-05 07:48:35.000000,456,0.0,0.0
2024-03-05 07:48:35.000000,455,0.0,0.0
2024-03-05 07:48:35.000000,257,0.0,0.0
2024-03-05 07:48:35.000000,443,0.0,0.0
2024-03-05 07:48:35.000000,454,0.0,0.0
2024-03-05 07:48:35.000000,257,0.0,0.0
2024-03-05 07:48:35.000000,435,0.0,0.0
2024-03-05 07:48:35.000000,452,0.0,0.0
2024-03-05 07:48:35.000000,451,0.0,0.0
2024-03-05 07:48:35.000000,449,0.0,0.0
2024-03-05 07:48:35.000000,257,0.0,0.0
2024-03-05 07:48:35.000000,257,0.0,0.0
2024-03-05 07:48:35.000000,257,0.0,0.0
2024-03-05 07:48:35.000000,446,0.0,0.0
2024-03-05 07:48:35.000000,352,0.0,0.0
2024-03-05 07:48:35.000000,448,0.0,0.0
2024-03-05 07:48:35.000000,458,1.0,0.0
2024-03-05 07:48:35.000000,353,0.0,0.0
2024-03-05 07:48:35.000000,266,0.0,0.0
2024-03-05 07:48:35.000000,353,0.0,0.0
2024-03-05 07:48:35.000000,257,0.0,0.0
2024-03-05 07:48:35.000000,447,1.0,0.0
2024-03-05 07:48:35.000000,353,0.0,0.0
2024-03-05 07:49:46.000000,431,0.0,0.0
2024-03-05 07:49:46.000000,273,0.0,0.0
2024-03-05 07:49:46.000000,195,0.0,0.0
2024-03-05 07:49:46.000000,196,0.0,0.0
2024-03-05 07:49:46.000000,274,0.0,0.0
2024-03-05 07:49:46.000000,189,0.0,0.0
2024-03-05 07:49:46.000000,272,0.0,0.0
2024-03-05 07:49:46.000000,432,0.0,0.0
2024-03-05 07:49:46.000000,434,0.0,0.0
2024-03-05 07:49:46.000000,445,0.0,0.0
2024-03-05 07:49:46.000000,444,0.0,0.0
2024-03-05 07:49:46.000000,443,0.0,0.0
2024-03-05 07:49:46.000000,245,0.0,0.0
2024-03-05 07:49:46.000000,435,0.0,0.0
2024-03-05 07:49:46.000000,442,0.0,0.0
2024-03-05 07:49:46.000000,440,0.0,0.0
2024-03-05 07:49:46.000000,438,0.0,0.0
2024-03-05 07:49:46.000000,437,0.0,0.0
2024-03-05 07:49:46.000000,256,1.0,0.0
2024-03-05 07:49:46.000000,436,0.0,0.0
2024-03-05 07:49:46.000000,435,0.0,0.0
2024-03-05 07:49:46.000000,435,0.0,0.0
2024-03-05 07:49:46.000000,433,0.0,0.0
2024-03-05 07:49:46.000000,212,0.0,0.0
2024-03-05 07:49:46.000000,257,0.0,0.0
2024-03-05 07:49:46.000000,439,0.0,0.0
2024-03-05 07:49:57.000000,446,0.0,0.0
2024-03-05 07:49:57.000000,257,0.0,0.0
2024-03-05 07:49:57.000000,435,0.0,0.0
2024-03-05 07:49:57.000000,452,0.0,0.0
2024-03-05 07:49:57.000000,257,0.0,0.0
2024-03-05 07:49:57.000000,451,0.0,0.0
2024-03-05 07:49:57.000000,257,0.0,0.0
2024-03-05 07:49:57.000000,450,0.0,0.0
2024-03-05 07:49:57.000000,257,0.0,0.0
2024-03-05 07:49:57.000000,455,0.0,0.0
2024-03-05 07:49:57.000000,352,0.0,0.0
2024-03-05 07:49:57.000000,456,0.0,0.0
2024-03-05 07:49:57.000000,257,0.0,0.0
2024-03-05 07:49:57.000000,454,0.0,0.0
2024-03-05 07:49:57.000000,457,1.0,0.0
2024-03-05 07:49:57.000000,257,0.0,0.0
2024-03-05 07:49:57.000000,449,0.0,0.0
2024-03-05 07:49:57.000000,266,0.0,0.0
2024-03-05 07:49:57.000000,353,0.0,0.0
2024-03-05 07:49:57.000000,353,0.0,0.0
2024-03-05 07:49:57.000000,353,0.0,0.0
2024-03-05 07:49:57.000000,257,0.0,0.0
2024-03-05 07:49:57.000000,257,0.0,0.0
2024-03-05 07:49:57.000000,447,1.0,0.0
2024-03-05 07:49:57.000000,448,0.0,0.0
2024-03-05 07:49:57.000000,257,0.0,0.0
2024-03-05 07:49:57.000000,458,1.0,0.0
2024-03-05 07:49:57.000000,257,0.0,0.0
2024-03-05 07:49:57.000000,443,0.0,0.0
2024-03-05 07:50:52.000000,192,0.0,0.0
2024-03-05 07:50:55.000000,287,1.0,0.0
2024-03-05 07:50:55.000000,193,0.0,0.0
2024-03-05 07:52:01.000000,256,1.0,0.0
2024-03-05 07:52:01.000000,436,0.0,0.0
2024-03-05 07:52:01.000000,439,0.0,0.0
2024-03-05 07:52:01.000000,438,0.0,0.0
2024-03-05 07:52:01.000000,444,0.0,0.0
2024-03-05 07:52:01.000000,440,0.0,0.0
2024-03-05 07:52:01.000000,443,0.0,0.0
2024-03-05 07:52:01.000000,245,0.0,0.0
2024-03-05 07:52:01.000000,435,0.0,0.0
2024-03-05 07:52:01.000000,442,0.0,0.0
2024-03-05 07:52:01.000000,435,0.0,0.0
2024-03-05 07:52:01.000000,437,0.0,0.0
2024-03-05 07:52:01.000000,435,0.0,0.0
2024-03-05 07:52:01.000000,433,0.0,0.0
2024-03-05 07:52:01.000000,432,0.0,0.0
2024-03-05 07:52:01.000000,431,0.0,0.0
2024-03-05 07:52:01.000000,274,0.0,0.0
2024-03-05 07:52:01.000000,196,0.0,0.0
2024-03-05 07:52:01.000000,195,0.0,0.0
2024-03-05 07:52:01.000000,272,0.0,0.0
2024-03-05 07:52:01.000000,445,0.0,0.0
2024-03-05 07:52:01.000000,257,0.0,0.0
2024-03-05 07:52:01.000000,273,0.0,0.0
2024-03-05 07:52:01.000000,189,0.0,0.0
2024-03-05 07:52:01.000000,434,0.0,0.0
2024-03-05 07:52:01.000000,212,0.0,0.0
2024-03-05 07:52:12.000000,443,0.0,0.0
2024-03-05 07:52:12.000000,446,0.0,0.0
2024-03-05 07:52:12.000000,352,0.0,0.0
2024-03-05 07:52:12.000000,257,0.0,0.0
2024-03-05 07:52:12.000000,353,0.0,0.0
2024-03-05 07:52:12.000000,458,1.0,0.0
2024-03-05 07:52:12.000000,457,1.0,0.0
2024-03-05 07:52:12.000000,257,0.0,0.0
2024-03-05 07:52:12.000000,257,0.0,0.0
2024-03-05 07:52:12.000000,456,0.0,0.0
2024-03-05 07:52:12.000000,455,0.0,0.0
2024-03-05 07:52:12.000000,266,0.0,0.0
2024-03-05 07:52:12.000000,454,0.0,0.0
2024-03-05 07:52:12.000000,257,0.0,0.0
2024-03-05 07:52:12.000000,435,0.0,0.0
2024-03-05 07:52:12.000000,452,0.0,0.0
2024-03-05 07:52:12.000000,257,0.0,0.0
2024-03-05 07:52:12.000000,257,0.0,0.0
2024-03-05 07:52:12.000000,257,0.0,0.0
2024-03-05 07:52:12.000000,451,0.0,0.0
2024-03-05 07:52:12.000000,353,0.0,0.0
2024-03-05 07:52:12.000000,353,0.0,0.0
2024-03-05 07:52:12.000000,257,0.0,0.0
2024-03-05 07:52:12.000000,257,0.0,0.0
2024-03-05 07:52:12.000000,447,1.0,0.0
2024-03-05 07:52:12.000000,449,0.0,0.0
2024-03-05 07:52:12.000000,257,0.0,0.0
2024-03-05 07:52:12.000000,450,0.0,0.0
2024-03-05 07:52:12.000000,448,0.0,0.0
2024-03-05 07:53:19.000000,444,0.0,0.0
2024-03-05 07:53:19.000000,435,0.0,0.0
2024-03-05 07:53:19.000000,445,0.0,0.0
2024-03-05 07:53:19.000000,443,0.0,0.0
2024-03-05 07:53:19.000000,245,0.0,0.0
2024-03-05 07:53:19.000000,438,0.0,0.0
2024-03-05 07:53:19.000000,435,0.0,0.0
2024-03-05 07:53:19.000000,436,0.0,0.0
2024-03-05 07:53:19.000000,256,1.0,0.0
2024-03-05 07:53:19.000000,437,0.0,0.0
2024-03-05 07:53:19.000000,212,0.0,0.0
2024-03-05 07:53:19.000000,439,0.0,0.0
2024-03-05 07:53:19.000000,435,0.0,0.0
2024-03-05 07:53:19.000000,440,0.0,0.0
2024-03-05 07:53:19.000000,442,0.0,0.0
2024-03-05 07:53:19.000000,431,0.0,0.0
2024-03-05 07:53:19.000000,432,0.0,0.0
2024-03-05 07:53:19.000000,433,0.0,0.0
2024-03-05 07:53:19.000000,434,0.0,0.0
2024-03-05 07:53:19.000000,195,0.0,0.0
2024-03-05 07:53:19.000000,189,0.0,0.0
2024-03-05 07:53:20.000000,274,0.0,0.0
2024-03-05 07:53:20.000000,196,0.0,0.0
2024-03-05 07:53:20.000000,257,0.0,0.0
2024-03-05 07:53:20.000000,272,0.0,0.0
2024-03-05 07:53:20.000000,273,0.0,0.0
2024-03-05 07:53:30.000000,257,0.0,0.0
2024-03-05 07:53:30.000000,458,1.0,0.0
2024-03-05 07:53:30.000000,454,0.0,0.0
2024-03-05 07:53:30.000000,257,0.0,0.0
2024-03-05 07:53:30.000000,257,0.0,0.0
2024-03-05 07:53:30.000000,257,0.0,0.0
2024-03-05 07:53:30.000000,456,0.0,0.0
2024-03-05 07:53:30.000000,455,0.0,0.0
2024-03-05 07:53:30.000000,257,0.0,0.0
2024-03-05 07:53:30.000000,443,0.0,0.0
2024-03-05 07:53:30.000000,435,0.0,0.0
2024-03-05 07:53:30.000000,452,0.0,0.0
2024-03-05 07:53:30.000000,257,0.0,0.0
2024-03-05 07:53:30.000000,451,0.0,0.0
2024-03-05 07:53:30.000000,446,0.0,0.0
2024-03-05 07:53:30.000000,352,0.0,0.0
2024-03-05 07:53:30.000000,266,0.0,0.0
2024-03-05 07:53:30.000000,257,0.0,0.0
2024-03-05 07:53:30.000000,353,0.0,0.0
2024-03-05 07:53:30.000000,353,0.0,0.0
2024-03-05 07:53:30.000000,257,0.0,0.0
2024-03-05 07:53:30.000000,447,1.0,0.0
2024-03-05 07:53:30.000000,257,0.0,0.0
2024-03-05 07:53:30.000000,448,0.0,0.0
2024-03-05 07:53:30.000000,257,0.0,0.0
2024-03-05 07:53:30.000000,449,0.0,0.0
2024-03-05 07:53:30.000000,450,0.0,0.0
2024-03-05 07:53:30.000000,353,0.0,0.0
2024-03-05 07:53:30.000000,457,1.0,0.0
2024-03-05 07:54:06.000000,192,0.0,0.0
2024-03-05 07:54:08.000000,287,1.0,0.0
2024-03-05 07:54:08.000000,193,0.0,0.0
2024-03-05 07:55:04.000000,192,0.0,0.0
2024-03-05 07:55:07.000000,193,0.0,0.0
2024-03-05 07:55:09.000000,287,1.0,0.0
2024-03-05 07:56:04.000000,189,0.0,0.0
2024-03-05 07:56:04.000000,274,0.0,0.0
2024-03-05 07:56:04.000000,196,0.0,0.0
2024-03-05 07:56:04.000000,435,0.0,0.0
2024-03-05 07:56:04.000000,435,0.0,0.0
2024-03-05 07:56:04.000000,434,0.0,0.0
2024-03-05 07:56:04.000000,433,0.0,0.0
2024-03-05 07:56:04.000000,195,0.0,0.0
2024-03-05 07:56:04.000000,272,0.0,0.0
2024-03-05 07:56:04.000000,273,0.0,0.0
2024-03-05 07:56:04.000000,257,0.0,0.0
2024-03-05 07:56:04.000000,212,0.0,0.0
2024-03-05 07:56:04.000000,445,0.0,0.0
2024-03-05 07:56:04.000000,444,0.0,0.0
2024-03-05 07:56:04.000000,443,0.0,0.0
2024-03-05 07:56:04.000000,245,0.0,0.0
2024-03-05 07:56:04.000000,432,0.0,0.0
2024-03-05 07:56:04.000000,435,0.0,0.0
2024-03-05 07:56:04.000000,440,0.0,0.0
2024-03-05 07:56:04.000000,439,0.0,0.0
2024-03-05 07:56:04.000000,438,0.0,0.0
2024-03-05 07:56:04.000000,437,0.0,0.0
2024-03-05 07:56:04.000000,256,1.0,0.0
2024-03-05 07:56:04.000000,436,0.0,0.0
2024-03-05 07:56:04.000000,442,0.0,0.0
2024-03-05 07:56:04.000000,431,0.0,0.0
2024-03-05 07:56:15.000000,257,0.0,0.0
2024-03-05 07:56:15.000000,257,0.0,0.0
2024-03-05 07:56:15.000000,257,0.0,0.0
2024-03-05 07:56:15.000000,458,1.0,0.0
2024-03-05 07:56:15.000000,457,1.0,0.0
2024-03-05 07:56:15.000000,257,0.0,0.0
2024-03-05 07:56:15.000000,257,0.0,0.0
2024-03-05 07:56:15.000000,456,0.0,0.0
2024-03-05 07:56:15.000000,455,0.0,0.0
2024-03-05 07:56:15.000000,257,0.0,0.0
2024-03-05 07:56:15.000000,443,0.0,0.0
2024-03-05 07:56:15.000000,454,0.0,0.0
2024-03-05 07:56:15.000000,435,0.0,0.0
2024-03-05 07:56:15.000000,452,0.0,0.0
2024-03-05 07:56:15.000000,257,0.0,0.0
2024-03-05 07:56:15.000000,451,0.0,0.0
2024-03-05 07:56:15.000000,257,0.0,0.0
2024-03-05 07:56:15.000000,450,0.0,0.0
2024-03-05 07:56:15.000000,353,0.0,0.0
2024-03-05 07:56:15.000000,257,0.0,0.0
2024-03-05 07:56:15.000000,449,0.0,0.0
2024-03-05 07:56:15.000000,448,0.0,0.0
2024-03-05 07:56:15.000000,447,1.0,0.0
2024-03-05 07:56:15.000000,353,0.0,0.0
2024-03-05 07:56:15.000000,257,0.0,0.0
2024-03-05 07:56:15.000000,266,0.0,0.0
2024-03-05 07:56:15.000000,352,0.0,0.0
2024-03-05 07:56:15.000000,446,0.0,0.0
2024-03-05 07:56:15.000000,353,0.0,0.0
2024-03-05 07:57:30.000000,432,0.0,0.0
2024-03-05 07:57:30.000000,433,0.0,0.0
2024-03-05 07:57:30.000000,434,0.0,0.0
2024-03-05 07:57:30.000000,435,0.0,0.0
2024-03-05 07:57:30.000000,435,0.0,0.0
2024-03-05 07:57:30.000000,436,0.0,0.0
2024-03-05 07:57:30.000000,256,1.0,0.0
2024-03-05 07:57:30.000000,437,0.0,0.0
2024-03-05 07:57:30.000000,438,0.0,0.0
2024-03-05 07:57:30.000000,440,0.0,0.0
2024-03-05 07:57:30.000000,442,0.0,0.0
2024-03-05 07:57:30.000000,435,0.0,0.0
2024-03-05 07:57:30.000000,245,0.0,0.0
2024-03-05 07:57:30.000000,443,0.0,0.0
2024-03-05 07:57:30.000000,444,0.0,0.0
2024-03-05 07:57:30.000000,445,0.0,0.0
2024-03-05 07:57:30.000000,212,0.0,0.0
2024-03-05 07:57:30.000000,257,0.0,0.0
2024-03-05 07:57:30.000000,431,0.0,0.0
2024-03-05 07:57:30.000000,439,0.0,0.0
2024-03-05 07:57:30.000000,274,0.0,0.0
2024-03-05 07:57:30.000000,196,0.0,0.0
2024-03-05 07:57:30.000000,273,0.0,0.0
2024-03-05 07:57:30.000000,272,0.0,0.0
2024-03-05 07:57:30.000000,195,0.0,0.0
2024-03-05 07:57:30.000000,189,0.0,0.0
2024-03-05 07:57:40.000000,448,0.0,0.0
2024-03-05 07:57:40.000000,257,0.0,0.0
2024-03-05 07:57:40.000000,449,0.0,0.0
2024-03-05 07:57:40.000000,257,0.0,0.0
2024-03-05 07:57:40.000000,450,0.0,0.0
2024-03-05 07:57:40.000000,257,0.0,0.0
2024-03-05 07:57:40.000000,451,0.0,0.0
2024-03-05 07:57:40.000000,266,0.0,0.0
2024-03-05 07:57:40.000000,257,0.0,0.0
2024-03-05 07:57:40.000000,452,0.0,0.0
2024-03-05 07:57:40.000000,435,0.0,0.0
2024-03-05 07:57:40.000000,257,0.0,0.0
2024-03-05 07:57:40.000000,454,0.0,0.0
2024-03-05 07:57:40.000000,443,0.0,0.0
2024-03-05 07:57:40.000000,257,0.0,0.0
2024-03-05 07:57:40.000000,455,0.0,0.0
2024-03-05 07:57:40.000000,456,0.0,0.0
2024-03-05 07:57:40.000000,257,0.0,0.0
2024-03-05 07:57:40.000000,447,1.0,0.0
2024-03-05 07:57:40.000000,257,0.0,0.0
2024-03-05 07:57:40.000000,353,0.0,0.0
2024-03-05 07:57:40.000000,353,0.0,0.0
2024-03-05 07:57:40.000000,353,0.0,0.0
2024-03-05 07:57:40.000000,352,0.0,0.0
2024-03-05 07:57:40.000000,446,0.0,0.0
2024-03-05 07:57:40.000000,458,1.0,0.0
2024-03-05 07:57:40.000000,257,0.0,0.0
2024-03-05 07:57:40.000000,257,0.0,0.0
2024-03-05 07:57:40.000000,457,1.0,0.0
2024-03-05 07:58:36.000000,444,0.0,0.0
2024-03-05 07:58:36.000000,443,0.0,0.0
2024-03-05 07:58:36.000000,245,0.0,0.0
2024-03-05 07:58:36.000000,435,0.0,0.0
2024-03-05 07:58:36.000000,432,0.0,0.0
2024-03-05 07:58:36.000000,434,0.0,0.0
2024-03-05 07:58:36.000000,433,0.0,0.0
2024-03-05 07:58:36.000000,431,0.0,0.0
2024-03-05 07:58:36.000000,212,0.0,0.0
2024-03-05 07:58:36.000000,445,0.0,0.0
2024-03-05 07:58:36.000000,256,1.0,0.0
2024-03-05 07:58:36.000000,195,0.0,0.0
2024-03-05 07:58:36.000000,437,0.0,0.0
2024-03-05 07:58:36.000000,438,0.0,0.0
2024-03-05 07:58:36.000000,439,0.0,0.0
2024-03-05 07:58:36.000000,440,0.0,0.0
2024-03-05 07:58:36.000000,442,0.0,0.0
2024-03-05 07:58:36.000000,436,0.0,0.0
2024-03-05 07:58:36.000000,435,0.0,0.0
2024-03-05 07:58:36.000000,189,0.0,0.0
2024-03-05 07:58:36.000000,435,0.0,0.0
2024-03-05 07:58:37.000000,196,0.0,0.0
2024-03-05 07:58:37.000000,273,0.0,0.0
2024-03-05 07:58:37.000000,272,0.0,0.0
2024-03-05 07:58:37.000000,257,0.0,0.0
2024-03-05 07:58:37.000000,274,0.0,0.0
2024-03-05 07:58:47.000000,451,0.0,0.0
2024-03-05 07:58:47.000000,458,1.0,0.0
2024-03-05 07:58:47.000000,446,0.0,0.0
2024-03-05 07:58:47.000000,352,0.0,0.0
2024-03-05 07:58:47.000000,266,0.0,0.0
2024-03-05 07:58:47.000000,353,0.0,0.0
2024-03-05 07:58:47.000000,353,0.0,0.0
2024-03-05 07:58:47.000000,353,0.0,0.0
2024-03-05 07:58:47.000000,257,0.0,0.0
2024-03-05 07:58:47.000000,447,1.0,0.0
2024-03-05 07:58:47.000000,257,0.0,0.0
2024-03-05 07:58:47.000000,448,0.0,0.0
2024-03-05 07:58:47.000000,257,0.0,0.0
2024-03-05 07:58:47.000000,449,0.0,0.0
2024-03-05 07:58:47.000000,257,0.0,0.0
2024-03-05 07:58:47.000000,450,0.0,0.0
2024-03-05 07:58:47.000000,257,0.0,0.0
2024-03-05 07:58:47.000000,452,0.0,0.0
2024-03-05 07:58:47.000000,435,0.0,0.0
2024-03-05 07:58:47.000000,257,0.0,0.0
2024-03-05 07:58:47.000000,443,0.0,0.0
2024-03-05 07:58:47.000000,457,1.0,0.0
2024-03-05 07:58:47.000000,257,0.0,0.0
2024-03-05 07:58:47.000000,257,0.0,0.0
2024-03-05 07:58:47.000000,454,0.0,0.0
2024-03-05 07:58:47.000000,257,0.0,0.0
2024-03-05 07:58:47.000000,257,0.0,0.0
2024-03-05 07:58:47.000000,455,0.0,0.0
2024-03-05 07:58:47.000000,456,0.0,0.0
2024-03-05 07:59:56.000000,192,0.0,0.0
2024-03-05 07:59:58.000000,287,1.0,0.0
2024-03-05 07:59:58.000000,193,0.0,0.0
2024-03-05 08:00:40.000000,436,0.0,0.0
2024-03-05 08:00:40.000000,256,1.0,0.0
2024-03-05 08:00:40.000000,437,0.0,0.0
2024-03-05 08:00:40.000000,438,0.0,0.0
2024-03-05 08:00:40.000000,245,0.0,0.0
2024-03-05 08:00:40.000000,445,0.0,0.0
2024-03-05 08:00:40.000000,444,0.0,0.0
2024-03-05 08:00:40.000000,443,0.0,0.0
2024-03-05 08:00:40.000000,439,0.0,0.0
2024-03-05 08:00:40.000000,435,0.0,0.0
2024-03-05 08:00:40.000000,435,0.0,0.0
2024-03-05 08:00:40.000000,212,0.0,0.0
2024-03-05 08:00:40.000000,440,0.0,0.0
2024-03-05 08:00:40.000000,435,0.0,0.0
2024-03-05 08:00:40.000000,434,0.0,0.0
2024-03-05 08:00:40.000000,189,0.0,0.0
2024-03-05 08:00:40.000000,195,0.0,0.0
2024-03-05 08:00:40.000000,442,0.0,0.0
2024-03-05 08:00:40.000000,431,0.0,0.0
2024-03-05 08:00:40.000000,432,0.0,0.0
2024-03-05 08:00:40.000000,433,0.0,0.0
2024-03-05 08:00:41.000000,274,0.0,0.0
2024-03-05 08:00:41.000000,273,0.0,0.0
2024-03-05 08:00:41.000000,272,0.0,0.0
2024-03-05 08:00:41.000000,257,0.0,0.0
2024-03-05 08:00:41.000000,196,0.0,0.0
2024-03-05 08:00:51.000000,435,0.0,0.0
2024-03-05 08:00:51.000000,257,0.0,0.0
2024-03-05 08:00:51.000000,454,0.0,0.0
2024-03-05 08:00:51.000000,443,0.0,0.0
2024-03-05 08:00:51.000000,257,0.0,0.0
2024-03-05 08:00:51.000000,455,0.0,0.0
2024-03-05 08:00:51.000000,456,0.0,0.0
2024-03-05 08:00:51.000000,452,0.0,0.0
2024-03-05 08:00:51.000000,257,0.0,0.0
2024-03-05 08:00:51.000000,457,1.0,0.0
2024-03-05 08:00:51.000000,458,1.0,0.0
2024-03-05 08:00:51.000000,257,0.0,0.0
2024-03-05 08:00:51.000000,257,0.0,0.0
2024-03-05 08:00:51.000000,257,0.0,0.0
2024-03-05 08:00:51.000000,257,0.0,0.0
2024-03-05 08:00:51.000000,450,0.0,0.0
2024-03-05 08:00:51.000000,449,0.0,0.0
2024-03-05 08:00:51.000000,257,0.0,0.0
2024-03-05 08:00:51.000000,447,1.0,0.0
2024-03-05 08:00:51.000000,257,0.0,0.0
2024-03-05 08:00:51.000000,353,0.0,0.0
2024-03-05 08:00:51.000000,353,0.0,0.0
2024-03-05 08:00:51.000000,353,0.0,0.0
2024-03-05 08:00:51.000000,266,0.0,0.0
2024-03-05 08:00:51.000000,352,0.0,0.0
2024-03-05 08:00:51.000000,446,0.0,0.0
2024-03-05 08:00:51.000000,451,0.0,0.0
2024-03-05 08:00:51.000000,257,0.0,0.0
2024-03-05 08:00:51.000000,448,0.0,0.0
2024-03-05 08:01:33.000000,192,0.0,0.0
2024-03-05 08:01:35.000000,287,1.0,0.0
2024-03-05 08:01:35.000000,193,0.0,0.0
2024-03-05 08:02:33.000000,257,0.0,0.0
2024-03-05 08:02:33.000000,445,0.0,0.0
2024-03-05 08:02:33.000000,444,0.0,0.0
2024-03-05 08:02:33.000000,443,0.0,0.0
2024-03-05 08:02:33.000000,245,0.0,0.0
2024-03-05 08:02:33.000000,435,0.0,0.0
2024-03-05 08:02:33.000000,442,0.0,0.0
2024-03-05 08:02:33.000000,440,0.0,0.0
2024-03-05 08:02:33.000000,439,0.0,0.0
2024-03-05 08:02:33.000000,438,0.0,0.0
2024-03-05 08:02:33.000000,437,0.0,0.0
2024-03-05 08:02:33.000000,256,1.0,0.0
2024-03-05 08:02:33.000000,436,0.0,0.0
2024-03-05 08:02:33.000000,212,0.0,0.0
2024-03-05 08:02:33.000000,435,0.0,0.0
2024-03-05 08:02:33.000000,435,0.0,0.0
2024-03-05 08:02:33.000000,189,0.0,0.0
2024-03-05 08:02:33.000000,272,0.0,0.0
2024-03-05 08:02:33.000000,273,0.0,0.0
2024-03-05 08:02:33.000000,195,0.0,0.0
2024-03-05 08:02:33.000000,274,0.0,0.0
2024-03-05 08:02:33.000000,431,0.0,0.0
2024-03-05 08:02:33.000000,432,0.0,0.0
2024-03-05 08:02:33.000000,433,0.0,0.0
2024-03-05 08:02:33.000000,434,0.0,0.0
2024-03-05 08:02:33.000000,196,0.0,0.0
2024-03-05 08:02:44.000000,257,0.0,0.0
2024-03-05 08:02:44.000000,452,0.0,0.0
2024-03-05 08:02:44.000000,435,0.0,0.0
2024-03-05 08:02:44.000000,257,0.0,0.0
2024-03-05 08:02:44.000000,257,0.0,0.0
2024-03-05 08:02:44.000000,443,0.0,0.0
2024-03-05 08:02:44.000000,455,0.0,0.0
2024-03-05 08:02:44.000000,456,0.0,0.0
2024-03-05 08:02:44.000000,257,0.0,0.0
2024-03-05 08:02:44.000000,257,0.0,0.0
2024-03-05 08:02:44.000000,454,0.0,0.0
2024-03-05 08:02:44.000000,257,0.0,0.0
2024-03-05 08:02:44.000000,447,1.0,0.0
2024-03-05 08:02:44.000000,257,0.0,0.0
2024-03-05 08:02:44.000000,449,0.0,0.0
2024-03-05 08:02:44.000000,257,0.0,0.0
2024-03-05 08:02:44.000000,448,0.0,0.0
2024-03-05 08:02:44.000000,257,0.0,0.0
2024-03-05 08:02:44.000000,257,0.0,0.0
2024-03-05 08:02:44.000000,353,0.0,0.0
2024-03-05 08:02:44.000000,353,0.0,0.0
2024-03-05 08:02:44.000000,353,0.0,0.0
2024-03-05 08:02:44.000000,266,0.0,0.0
2024-03-05 08:02:44.000000,352,0.0,0.0
2024-03-05 08:02:44.000000,446,0.0,0.0
2024-03-05 08:02:44.000000,457,1.0,0.0
2024-03-05 08:02:44.000000,450,0.0,0.0
2024-03-05 08:02:44.000000,458,1.0,0.0
2024-03-05 08:02:44.000000,451,0.0,0.0
2024-03-05 08:03:07.000000,192,0.0,0.0
2024-03-05 08:03:09.000000,193,0.0,0.0
2024-03-05 08:03:09.000000,287,1.0,0.0
2024-03-05 08:04:23.000000,435,0.0,0.0
2024-03-05 08:04:23.000000,434,0.0,0.0
2024-03-05 08:04:23.000000,433,0.0,0.0
2024-03-05 08:04:23.000000,432,0.0,0.0
2024-03-05 08:04:23.000000,431,0.0,0.0
2024-03-05 08:04:23.000000,273,0.0,0.0
2024-03-05 08:04:23.000000,435,0.0,0.0
2024-03-05 08:04:23.000000,195,0.0,0.0
2024-03-05 08:04:23.000000,196,0.0,0.0
2024-03-05 08:04:23.000000,274,0.0,0.0
2024-03-05 08:04:23.000000,272,0.0,0.0
2024-03-05 08:04:23.000000,436,0.0,0.0
2024-03-05 08:04:23.000000,256,1.0,0.0
2024-03-05 08:04:23.000000,437,0.0,0.0
2024-03-05 08:04:23.000000,438,0.0,0.0
2024-03-05 08:04:23.000000,439,0.0,0.0
2024-03-05 08:04:23.000000,440,0.0,0.0
2024-03-05 08:04:23.000000,442,0.0,0.0
2024-03-05 08:04:23.000000,435,0.0,0.0
2024-03-05 08:04:23.000000,245,0.0,0.0
2024-03-05 08:04:23.000000,443,0.0,0.0
2024-03-05 08:04:23.000000,444,0.0,0.0
2024-03-05 08:04:23.000000,445,0.0,0.0
2024-03-05 08:04:23.000000,212,0.0,0.0
2024-03-05 08:04:23.000000,257,0.0,0.0
2024-03-05 08:04:23.000000,189,0.0,0.0
2024-03-05 08:04:34.000000,455,0.0,0.0
2024-03-05 08:04:34.000000,456,0.0,0.0
2024-03-05 08:04:34.000000,257,0.0,0.0
2024-03-05 08:04:34.000000,353,0.0,0.0
2024-03-05 08:04:34.000000,457,1.0,0.0
2024-03-05 08:04:34.000000,458,1.0,0.0
2024-03-05 08:04:34.000000,257,0.0,0.0
2024-03-05 08:04:34.000000,257,0.0,0.0
2024-03-05 08:04:34.000000,443,0.0,0.0
2024-03-05 08:04:34.000000,450,0.0,0.0
2024-03-05 08:04:34.000000,257,0.0,0.0
2024-03-05 08:04:34.000000,447,1.0,0.0
2024-03-05 08:04:34.000000,257,0.0,0.0
2024-03-05 08:04:34.000000,448,0.0,0.0
2024-03-05 08:04:34.000000,352,0.0,0.0
2024-03-05 08:04:34.000000,454,0.0,0.0
2024-03-05 08:04:34.000000,266,0.0,0.0
2024-03-05 08:04:34.000000,257,0.0,0.0
2024-03-05 08:04:34.000000,449,0.0,0.0
2024-03-05 08:04:34.000000,257,0.0,0.0
2024-03-05 08:04:34.000000,353,0.0,0.0
2024-03-05 08:04:34.000000,353,0.0,0.0
2024-03-05 08:04:34.000000,257,0.0,0.0
2024-03-05 08:04:34.000000,451,0.0,0.0
2024-03-05 08:04:34.000000,257,0.0,0.0
2024-03-05 08:04:34.000000,452,0.0,0.0
2024-03-05 08:04:34.000000,435,0.0,0.0
2024-03-05 08:04:34.000000,257,0.0,0.0
2024-03-05 08:04:34.000000,446,0.0,0.0
2024-03-05 08:05:22.000000,189,0.0,0.0
2024-03-05 08:05:23.000000,273,0.0,0.0
2024-03-05 08:05:23.000000,195,0.0,0.0
2024-03-05 08:05:23.000000,272,0.0,0.0
2024-03-05 08:05:23.000000,257,0.0,0.0
2024-03-05 08:05:23.000000,431,0.0,0.0
2024-03-05 08:05:23.000000,445,0.0,0.0
2024-03-05 08:05:23.000000,196,0.0,0.0
2024-03-05 08:05:23.000000,432,0.0,0.0
2024-03-05 08:05:23.000000,433,0.0,0.0
2024-03-05 08:05:23.000000,434,0.0,0.0
2024-03-05 08:05:23.000000,435,0.0,0.0
2024-03-05 08:05:23.000000,435,0.0,0.0
2024-03-05 08:05:23.000000,436,0.0,0.0
2024-03-05 08:05:23.000000,256,1.0,0.0
2024-03-05 08:05:23.000000,212,0.0,0.0
2024-03-05 08:05:23.000000,438,0.0,0.0
2024-03-05 08:05:23.000000,439,0.0,0.0
2024-03-05 08:05:23.000000,437,0.0,0.0
2024-03-05 08:05:23.000000,442,0.0,0.0
2024-03-05 08:05:23.000000,444,0.0,0.0
2024-03-05 08:05:23.000000,440,0.0,0.0
2024-03-05 08:05:23.000000,274,0.0,0.0
2024-03-05 08:05:23.000000,245,0.0,0.0
2024-03-05 08:05:23.000000,435,0.0,0.0
2024-03-05 08:05:23.000000,443,0.0,0.0
2024-03-05 08:05:33.000000,448,0.0,0.0
2024-03-05 08:05:33.000000,257,0.0,0.0
2024-03-05 08:05:33.000000,449,0.0,0.0
2024-03-05 08:05:33.000000,451,0.0,0.0
2024-03-05 08:05:33.000000,447,1.0,0.0
2024-03-05 08:05:33.000000,257,0.0,0.0
2024-03-05 08:05:33.000000,257,0.0,0.0
2024-03-05 08:05:33.000000,450,0.0,0.0
2024-03-05 08:05:33.000000,257,0.0,0.0
2024-03-05 08:05:33.000000,257,0.0,0.0
2024-03-05 08:05:33.000000,446,0.0,0.0
2024-03-05 08:05:33.000000,257,0.0,0.0
2024-03-05 08:05:33.000000,457,1.0,0.0
2024-03-05 08:05:33.000000,257,0.0,0.0
2024-03-05 08:05:33.000000,257,0.0,0.0
2024-03-05 08:05:33.000000,456,0.0,0.0
2024-03-05 08:05:33.000000,455,0.0,0.0
2024-03-05 08:05:33.000000,257,0.0,0.0
2024-03-05 08:05:33.000000,443,0.0,0.0
2024-03-05 08:05:33.000000,458,1.0,0.0
2024-03-05 08:05:33.000000,454,0.0,0.0
2024-03-05 08:05:33.000000,435,0.0,0.0
2024-03-05 08:05:33.000000,452,0.0,0.0
2024-03-05 08:05:33.000000,353,0.0,0.0
2024-03-05 08:05:33.000000,353,0.0,0.0
2024-03-05 08:05:33.000000,353,0.0,0.0
2024-03-05 08:05:33.000000,266,0.0,0.0
2024-03-05 08:05:33.000000,352,0.0,0.0
2024-03-05 08:05:33.000000,257,0.0,0.0
2024-03-05 08:05:57.000000,431,0.0,0.0
2024-03-05 08:05:57.000000,442,0.0,0.0
2024-03-05 08:05:57.000000,189,0.0,0.0
2024-03-05 08:05:57.000000,435,0.0,0.0
2024-03-05 08:05:57.000000,245,0.0,0.0
2024-03-05 08:05:57.000000,443,0.0,0.0
2024-03-05 08:05:57.000000,444,0.0,0.0
2024-03-05 08:05:57.000000,445,0.0,0.0
2024-03-05 08:05:57.000000,212,0.0,0.0
2024-03-05 08:05:57.000000,195,0.0,0.0
2024-03-05 08:05:57.000000,439,0.0,0.0
2024-03-05 08:05:57.000000,438,0.0,0.0
2024-03-05 08:05:57.000000,437,0.0,0.0
2024-03-05 08:05:57.000000,256,1.0,0.0
2024-03-05 08:05:57.000000,436,0.0,0.0
2024-03-05 08:05:57.000000,435,0.0,0.0
2024-03-05 08:05:57.000000,435,0.0,0.0
2024-03-05 08:05:57.000000,434,0.0,0.0
2024-03-05 08:05:57.000000,433,0.0,0.0
2024-03-05 08:05:57.000000,440,0.0,0.0
2024-03-05 08:05:57.000000,432,0.0,0.0
2024-03-05 08:05:58.000000,257,0.0,0.0
2024-03-05 08:05:58.000000,273,0.0,0.0
2024-03-05 08:05:58.000000,274,0.0,0.0
2024-03-05 08:05:58.000000,196,0.0,0.0
2024-03-05 08:05:58.000000,272,0.0,0.0
2024-03-05 08:06:08.000000,257,0.0,0.0
2024-03-05 08:06:08.000000,452,0.0,0.0
2024-03-05 08:06:08.000000,435,0.0,0.0
2024-03-05 08:06:08.000000,257,0.0,0.0
2024-03-05 08:06:08.000000,257,0.0,0.0
2024-03-05 08:06:08.000000,455,0.0,0.0
2024-03-05 08:06:08.000000,456,0.0,0.0
2024-03-05 08:06:08.000000,257,0.0,0.0
2024-03-05 08:06:08.000000,457,1.0,0.0
2024-03-05 08:06:08.000000,458,1.0,0.0
2024-03-05 08:06:08.000000,454,0.0,0.0
2024-03-05 08:06:08.000000,257,0.0,0.0
2024-03-05 08:06:08.000000,443,0.0,0.0
2024-03-05 08:06:08.000000,352,0.0,0.0
2024-03-05 08:06:08.000000,451,0.0,0.0
2024-03-05 08:06:08.000000,266,0.0,0.0
2024-03-05 08:06:08.000000,353,0.0,0.0
2024-03-05 08:06:08.000000,353,0.0,0.0
2024-03-05 08:06:08.000000,353,0.0,0.0
2024-03-05 08:06:08.000000,257,0.0,0.0
2024-03-05 08:06:08.000000,447,1.0,0.0
2024-03-05 08:06:08.000000,257,0.0,0.0
2024-03-05 08:06:08.000000,448,0.0,0.0
2024-03-05 08:06:08.000000,257,0.0,0.0
2024-03-05 08:06:08.000000,446,0.0,0.0
2024-03-05 08:06:08.000000,257,0.0,0.0
2024-03-05 08:06:08.000000,257,0.0,0.0
2024-03-05 08:06:08.000000,450,0.0,0.0
2024-03-05 08:06:08.000000,449,0.0,0.0
2024-03-05 08:06:45.000000,443,0.0,0.0
2024-03-05 08:06:45.000000,445,0.0,0.0
2024-03-05 08:06:45.000000,212,0.0,0.0
2024-03-05 08:06:45.000000,245,0.0,0.0
2024-03-05 08:06:45.000000,436,0.0,0.0
2024-03-05 08:06:45.000000,442,0.0,0.0
2024-03-05 08:06:45.000000,440,0.0,0.0
2024-03-05 08:06:45.000000,439,0.0,0.0
2024-03-05 08:06:45.000000,438,0.0,0.0
2024-03-05 08:06:45.000000,437,0.0,0.0
2024-03-05 08:06:45.000000,256,1.0,0.0
2024-03-05 08:06:45.000000,444,0.0,0.0
2024-03-05 08:06:45.000000,435,0.0,0.0
2024-03-05 08:06:45.000000,435,0.0,0.0
2024-03-05 08:06:45.000000,434,0.0,0.0
2024-03-05 08:06:45.000000,273,0.0,0.0
2024-03-05 08:06:45.000000,432,0.0,0.0
2024-03-05 08:06:45.000000,431,0.0,0.0
2024-03-05 08:06:45.000000,257,0.0,0.0
2024-03-05 08:06:45.000000,272,0.0,0.0
2024-03-05 08:06:45.000000,189,0.0,0.0
2024-03-05 08:06:45.000000,274,0.0,0.0
2024-03-05 08:06:45.000000,196,0.0,0.0
2024-03-05 08:06:45.000000,195,0.0,0.0
2024-03-05 08:06:45.000000,435,0.0,0.0
2024-03-05 08:06:45.000000,433,0.0,0.0
2024-03-05 08:06:55.000000,435,0.0,0.0
2024-03-05 08:06:55.000000,443,0.0,0.0
2024-03-05 08:06:55.000000,454,0.0,0.0
2024-03-05 08:06:55.000000,257,0.0,0.0
2024-03-05 08:06:55.000000,257,0.0,0.0
2024-03-05 08:06:55.000000,455,0.0,0.0
2024-03-05 08:06:55.000000,266,0.0,0.0
2024-03-05 08:06:55.000000,452,0.0,0.0
2024-03-05 08:06:55.000000,458,1.0,0.0
2024-03-05 08:06:55.000000,457,1.0,0.0
2024-03-05 08:06:55.000000,257,0.0,0.0
2024-03-05 08:06:55.000000,257,0.0,0.0
2024-03-05 08:06:55.000000,456,0.0,0.0
2024-03-05 08:06:55.000000,257,0.0,0.0
2024-03-05 08:06:55.000000,446,0.0,0.0
2024-03-05 08:06:55.000000,257,0.0,0.0
2024-03-05 08:06:55.000000,451,0.0,0.0
2024-03-05 08:06:55.000000,352,0.0,0.0
2024-03-05 08:06:55.000000,353,0.0,0.0
2024-03-05 08:06:55.000000,353,0.0,0.0
2024-03-05 08:06:55.000000,257,0.0,0.0
2024-03-05 08:06:55.000000,447,1.0,0.0
2024-03-05 08:06:55.000000,353,0.0,0.0
2024-03-05 08:06:55.000000,450,0.0,0.0
2024-03-05 08:06:55.000000,448,0.0,0.0
2024-03-05 08:06:55.000000,257,0.0,0.0
2024-03-05 08:06:55.000000,449,0.0,0.0
2024-03-05 08:06:55.000000,257,0.0,0.0
2024-03-05 08:06:55.000000,257,0.0,0.0
2024-03-05 08:07:55.000000,212,0.0,0.0
2024-03-05 08:07:55.000000,437,0.0,0.0
2024-03-05 08:07:55.000000,256,1.0,0.0
2024-03-05 08:07:55.000000,436,0.0,0.0
2024-03-05 08:07:55.000000,435,0.0,0.0
2024-03-05 08:07:55.000000,433,0.0,0.0
2024-03-05 08:07:55.000000,434,0.0,0.0
2024-03-05 08:07:55.000000,438,0.0,0.0
2024-03-05 08:07:55.000000,432,0.0,0.0
2024-03-05 08:07:55.000000,431,0.0,0.0
2024-03-05 08:07:55.000000,435,0.0,0.0
2024-03-05 08:07:55.000000,439,0.0,0.0
2024-03-05 08:07:55.000000,435,0.0,0.0
2024-03-05 08:07:55.000000,442,0.0,0.0
2024-03-05 08:07:55.000000,245,0.0,0.0
2024-03-05 08:07:55.000000,443,0.0,0.0
2024-03-05 08:07:55.000000,444,0.0,0.0
2024-03-05 08:07:55.000000,445,0.0,0.0
2024-03-05 08:07:55.000000,195,0.0,0.0
2024-03-05 08:07:55.000000,189,0.0,0.0
2024-03-05 08:07:55.000000,440,0.0,0.0
2024-03-05 08:07:56.000000,257,0.0,0.0
2024-03-05 08:07:56.000000,273,0.0,0.0
2024-03-05 08:07:56.000000,272,0.0,0.0
2024-03-05 08:07:56.000000,196,0.0,0.0
2024-03-05 08:07:56.000000,274,0.0,0.0
2024-03-05 08:08:06.000000,257,0.0,0.0
2024-03-05 08:08:06.000000,266,0.0,0.0
2024-03-05 08:08:06.000000,353,0.0,0.0
2024-03-05 08:08:06.000000,353,0.0,0.0
2024-03-05 08:08:06.000000,353,0.0,0.0
2024-03-05 08:08:06.000000,447,1.0,0.0
2024-03-05 08:08:06.000000,352,0.0,0.0
2024-03-05 08:08:06.000000,448,0.0,0.0
2024-03-05 08:08:06.000000,446,0.0,0.0
2024-03-05 08:08:06.000000,257,0.0,0.0
2024-03-05 08:08:06.000000,458,1.0,0.0
2024-03-05 08:08:06.000000,457,1.0,0.0
2024-03-05 08:08:06.000000,257,0.0,0.0
2024-03-05 08:08:06.000000,456,0.0,0.0
2024-03-05 08:08:06.000000,455,0.0,0.0
2024-03-05 08:08:06.000000,257,0.0,0.0
2024-03-05 08:08:06.000000,443,0.0,0.0
2024-03-05 08:08:06.000000,454,0.0,0.0
2024-03-05 08:08:06.000000,257,0.0,0.0
2024-03-05 08:08:06.000000,435,0.0,0.0
2024-03-05 08:08:06.000000,452,0.0,0.0
2024-03-05 08:08:06.000000,257,0.0,0.0
2024-03-05 08:08:06.000000,451,0.0,0.0
2024-03-05 08:08:06.000000,257,0.0,0.0
2024-03-05 08:08:06.000000,450,0.0,0.0
2024-03-05 08:08:06.000000,257,0.0,0.0
2024-03-05 08:08:06.000000,257,0.0,0.0
2024-03-05 08:08:06.000000,257,0.0,0.0
2024-03-05 08:08:06.000000,449,0.0,0.0
2024-03-05 08:09:04.000000,444,0.0,0.0
2024-03-05 08:09:04.000000,212,0.0,0.0
2024-03-05 08:09:04.000000,257,0.0,0.0
2024-03-05 08:09:04.000000,195,0.0,0.0
2024-03-05 08:09:04.000000,189,0.0,0.0
2024-03-05 08:09:04.000000,273,0.0,0.0
2024-03-05 08:09:04.000000,272,0.0,0.0
2024-03-05 08:09:04.000000,196,0.0,0.0
2024-03-05 08:09:04.000000,274,0.0,0.0
2024-03-05 08:09:04.000000,443,0.0,0.0
2024-03-05 08:09:04.000000,245,0.0,0.0
2024-03-05 08:09:04.000000,435,0.0,0.0
2024-03-05 08:09:04.000000,442,0.0,0.0
2024-03-05 08:09:04.000000,440,0.0,0.0
2024-03-05 08:09:04.000000,439,0.0,0.0
2024-03-05 08:09:04.000000,438,0.0,0.0
2024-03-05 08:09:04.000000,437,0.0,0.0
2024-03-05 08:09:04.000000,256,1.0,0.0
2024-03-05 08:09:04.000000,436,0.0,0.0
2024-03-05 08:09:04.000000,435,0.0,0.0
2024-03-05 08:09:04.000000,434,0.0,0.0
2024-03-05 08:09:04.000000,433,0.0,0.0
2024-03-05 08:09:04.000000,432,0.0,0.0
2024-03-05 08:09:04.000000,431,0.0,0.0
2024-03-05 08:09:04.000000,435,0.0,0.0
2024-03-05 08:09:04.000000,445,0.0,0.0
2024-03-05 08:09:15.000000,353,0.0,0.0
2024-03-05 08:09:15.000000,353,0.0,0.0
2024-03-05 08:09:15.000000,454,0.0,0.0
2024-03-05 08:09:15.000000,257,0.0,0.0
2024-03-05 08:09:15.000000,435,0.0,0.0
2024-03-05 08:09:15.000000,452,0.0,0.0
2024-03-05 08:09:15.000000,257,0.0,0.0
2024-03-05 08:09:15.000000,451,0.0,0.0
2024-03-05 08:09:15.000000,443,0.0,0.0
2024-03-05 08:09:15.000000,353,0.0,0.0
2024-03-05 08:09:15.000000,450,0.0,0.0
2024-03-05 08:09:15.000000,257,0.0,0.0
2024-03-05 08:09:15.000000,449,0.0,0.0
2024-03-05 08:09:15.000000,257,0.0,0.0
2024-03-05 08:09:15.000000,257,0.0,0.0
2024-03-05 08:09:15.000000,448,0.0,0.0
2024-03-05 08:09:15.000000,257,0.0,0.0
2024-03-05 08:09:15.000000,257,0.0,0.0
2024-03-05 08:09:15.000000,447,1.0,0.0
2024-03-05 08:09:15.000000,455,0.0,0.0
2024-03-05 08:09:15.000000,257,0.0,0.0
2024-03-05 08:09:15.000000,352,0.0,0.0
2024-03-05 08:09:15.000000,266,0.0,0.0
2024-03-05 08:09:15.000000,458,1.0,0.0
2024-03-05 08:09:15.000000,446,0.0,0.0
2024-03-05 08:09:15.000000,257,0.0,0.0
2024-03-05 08:09:15.000000,257,0.0,0.0
2024-03-05 08:09:15.000000,456,0.0,0.0
2024-03-05 08:09:15.000000,457,1.0,0.0
2024-03-05 08:09:35.000000,442,0.0,0.0
2024-03-05 08:09:35.000000,435,0.0,0.0
2024-03-05 08:09:35.000000,245,0.0,0.0
2024-03-05 08:09:35.000000,443,0.0,0.0
2024-03-05 08:09:35.000000,440,0.0,0.0
2024-03-05 08:09:35.000000,444,0.0,0.0
2024-03-05 08:09:35.000000,437,0.0,0.0
2024-03-05 08:09:35.000000,438,0.0,0.0
2024-03-05 08:09:35.000000,195,0.0,0.0
2024-03-05 08:09:35.000000,212,0.0,0.0
2024-03-05 08:09:35.000000,439,0.0,0.0
2024-03-05 08:09:35.000000,431,0.0,0.0
2024-03-05 08:09:35.000000,432,0.0,0.0
2024-03-05 08:09:35.000000,433,0.0,0.0
2024-03-05 08:09:35.000000,434,0.0,0.0
2024-03-05 08:09:35.000000,435,0.0,0.0
2024-03-05 08:09:35.000000,435,0.0,0.0
2024-03-05 08:09:35.000000,436,0.0,0.0
2024-03-05 08:09:35.000000,256,1.0,0.0
2024-03-05 08:09:35.000000,189,0.0,0.0
2024-03-05 08:09:35.000000,445,0.0,0.0
2024-03-05 08:09:36.000000,257,0.0,0.0
2024-03-05 08:09:36.000000,196,0.0,0.0
2024-03-05 08:09:36.000000,273,0.0,0.0
2024-03-05 08:09:36.000000,272,0.0,0.0
2024-03-05 08:09:36.000000,274,0.0,0.0
2024-03-05 08:09:46.000000,446,0.0,0.0
2024-03-05 08:09:46.000000,435,0.0,0.0
2024-03-05 08:09:46.000000,257,0.0,0.0
2024-03-05 08:09:46.000000,454,0.0,0.0
2024-03-05 08:09:46.000000,352,0.0,0.0
2024-03-05 08:09:46.000000,455,0.0,0.0
2024-03-05 08:09:46.000000,456,0.0,0.0
2024-03-05 08:09:46.000000,257,0.0,0.0
2024-03-05 08:09:46.000000,257,0.0,0.0
2024-03-05 08:09:46.000000,457,1.0,0.0
2024-03-05 08:09:46.000000,458,1.0,0.0
2024-03-05 08:09:46.000000,257,0.0,0.0
2024-03-05 08:09:46.000000,443,0.0,0.0
2024-03-05 08:09:46.000000,452,0.0,0.0
2024-03-05 08:09:46.000000,257,0.0,0.0
2024-03-05 08:09:46.000000,266,0.0,0.0
2024-03-05 08:09:46.000000,353,0.0,0.0
2024-03-05 08:09:46.000000,353,0.0,0.0
2024-03-05 08:09:46.000000,353,0.0,0.0
2024-03-05 08:09:46.000000,257,0.0,0.0
2024-03-05 08:09:46.000000,447,1.0,0.0
2024-03-05 08:09:46.000000,448,0.0,0.0
2024-03-05 08:09:46.000000,257,0.0,0.0
2024-03-05 08:09:46.000000,449,0.0,0.0
2024-03-05 08:09:46.000000,257,0.0,0.0
2024-03-05 08:09:46.000000,450,0.0,0.0
2024-03-05 08:09:46.000000,257,0.0,0.0
2024-03-05 08:09:46.000000,451,0.0,0.0
2024-03-05 08:09:46.000000,257,0.0,0.0
2024-03-05 08:10:31.000000,435,0.0,0.0
2024-03-05 08:10:31.000000,435,0.0,0.0
2024-03-05 08:10:31.000000,434,0.0,0.0
2024-03-05 08:10:31.000000,196,0.0,0.0
2024-03-05 08:10:31.000000,432,0.0,0.0
2024-03-05 08:10:31.000000,431,0.0,0.0
2024-03-05 08:10:31.000000,274,0.0,0.0
2024-03-05 08:10:31.000000,195,0.0,0.0
2024-03-05 08:10:31.000000,433,0.0,0.0
2024-03-05 08:10:31.000000,189,0.0,0.0
2024-03-05 08:10:31.000000,436,0.0,0.0
2024-03-05 08:10:31.000000,445,0.0,0.0
2024-03-05 08:10:31.000000,273,0.0,0.0
2024-03-05 08:10:31.000000,272,0.0,0.0
2024-03-05 08:10:31.000000,257,0.0,0.0
2024-03-05 08:10:31.000000,212,0.0,0.0
2024-03-05 08:10:31.000000,444,0.0,0.0
2024-03-05 08:10:31.000000,256,1.0,0.0
2024-03-05 08:10:31.000000,245,0.0,0.0
2024-03-05 08:10:31.000000,435,0.0,0.0
2024-03-05 08:10:31.000000,442,0.0,0.0
2024-03-05 08:10:31.000000,440,0.0,0.0
2024-03-05 08:10:31.000000,439,0.0,0.0
2024-03-05 08:10:31.000000,438,0.0,0.0
2024-03-05 08:10:31.000000,437,0.0,0.0
2024-03-05 08:10:31.000000,443,0.0,0.0
2024-03-05 08:10:42.000000,456,0.0,0.0
2024-03-05 08:10:42.000000,257,0.0,0.0
2024-03-05 08:10:42.000000,448,0.0,0.0
2024-03-05 08:10:42.000000,257,0.0,0.0
2024-03-05 08:10:42.000000,443,0.0,0.0
2024-03-05 08:10:42.000000,257,0.0,0.0
2024-03-05 08:10:42.000000,457,1.0,0.0
2024-03-05 08:10:42.000000,257,0.0,0.0
2024-03-05 08:10:42.000000,447,1.0,0.0
2024-03-05 08:10:42.000000,455,0.0,0.0
2024-03-05 08:10:42.000000,458,1.0,0.0
2024-03-05 08:10:42.000000,257,0.0,0.0
2024-03-05 08:10:42.000000,257,0.0,0.0
2024-03-05 08:10:42.000000,353,0.0,0.0
2024-03-05 08:10:42.000000,353,0.0,0.0
2024-03-05 08:10:42.000000,257,0.0,0.0
2024-03-05 08:10:42.000000,451,0.0,0.0
2024-03-05 08:10:42.000000,257,0.0,0.0
2024-03-05 08:10:42.000000,450,0.0,0.0
2024-03-05 08:10:42.000000,257,0.0,0.0
2024-03-05 08:10:42.000000,449,0.0,0.0
2024-03-05 08:10:42.000000,452,0.0,0.0
2024-03-05 08:10:42.000000,266,0.0,0.0
2024-03-05 08:10:42.000000,352,0.0,0.0
2024-03-05 08:10:42.000000,446,0.0,0.0
2024-03-05 08:10:42.000000,257,0.0,0.0
2024-03-05 08:10:42.000000,454,0.0,0.0
2024-03-05 08:10:42.000000,353,0.0,0.0
2024-03-05 08:10:42.000000,435,0.0,0.0
2024-03-05 08:11:12.000000,189,0.0,0.0
2024-03-05 08:11:12.000000,433,0.0,0.0
2024-03-05 08:11:12.000000,272,0.0,0.0
2024-03-05 08:11:12.000000,273,0.0,0.0
2024-03-05 08:11:12.000000,431,0.0,0.0
2024-03-05 08:11:12.000000,432,0.0,0.0
2024-03-05 08:11:12.000000,434,0.0,0.0
2024-03-05 08:11:12.000000,435,0.0,0.0
2024-03-05 08:11:12.000000,435,0.0,0.0
2024-03-05 08:11:12.000000,257,0.0,0.0
2024-03-05 08:11:12.000000,212,0.0,0.0
2024-03-05 08:11:12.000000,445,0.0,0.0
2024-03-05 08:11:12.000000,443,0.0,0.0
2024-03-05 08:11:12.000000,245,0.0,0.0
2024-03-05 08:11:12.000000,435,0.0,0.0
2024-03-05 08:11:12.000000,442,0.0,0.0
2024-03-05 08:11:12.000000,195,0.0,0.0
2024-03-05 08:11:12.000000,274,0.0,0.0
2024-03-05 08:11:12.000000,440,0.0,0.0
2024-03-05 08:11:12.000000,439,0.0,0.0
2024-03-05 08:11:12.000000,438,0.0,0.0
2024-03-05 08:11:12.000000,437,0.0,0.0
2024-03-05 08:11:12.000000,256,1.0,0.0
2024-03-05 08:11:12.000000,436,0.0,0.0
2024-03-05 08:11:12.000000,196,0.0,0.0
2024-03-05 08:11:12.000000,444,0.0,0.0
2024-03-05 08:11:22.000000,451,0.0,0.0
2024-03-05 08:11:22.000000,353,0.0,0.0
2024-03-05 08:11:22.000000,458,1.0,0.0
2024-03-05 08:11:22.000000,457,1.0,0.0
2024-03-05 08:11:22.000000,257,0.0,0.0
2024-03-05 08:11:22.000000,257,0.0,0.0
2024-03-05 08:11:22.000000,456,0.0,0.0
2024-03-05 08:11:22.000000,455,0.0,0.0
2024-03-05 08:11:22.000000,257,0.0,0.0
2024-03-05 08:11:22.000000,443,0.0,0.0
2024-03-05 08:11:22.000000,257,0.0,0.0
2024-03-05 08:11:22.000000,435,0.0,0.0
2024-03-05 08:11:22.000000,353,0.0,0.0
2024-03-05 08:11:22.000000,452,0.0,0.0
2024-03-05 08:11:22.000000,353,0.0,0.0
2024-03-05 08:11:22.000000,257,0.0,0.0
2024-03-05 08:11:22.000000,450,0.0,0.0
2024-03-05 08:11:22.000000,257,0.0,0.0
2024-03-05 08:11:22.000000,449,0.0,0.0
2024-03-05 08:11:22.000000,257,0.0,0.0
2024-03-05 08:11:22.000000,448,0.0,0.0
2024-03-05 08:11:22.000000,257,0.0,0.0
2024-03-05 08:11:22.000000,447,1.0,0.0
2024-03-05 08:11:22.000000,257,0.0,0.0
2024-03-05 08:11:22.000000,257,0.0,0.0
2024-03-05 08:11:22.000000,266,0.0,0.0
2024-03-05 08:11:22.000000,454,0.0,0.0
2024-03-05 08:11:22.000000,446,0.0,0.0
2024-03-05 08:11:22.000000,352,0.0,0.0
2024-03-05 08:12:11.000000,434,0.0,0.0
2024-03-05 08:12:11.000000,435,0.0,0.0
2024-03-05 08:12:11.000000,435,0.0,0.0
2024-03-05 08:12:11.000000,436,0.0,0.0
2024-03-05 08:12:11.000000,256,1.0,0.0
2024-03-05 08:12:11.000000,437,0.0,0.0
2024-03-05 08:12:11.000000,438,0.0,0.0
2024-03-05 08:12:11.000000,439,0.0,0.0
2024-03-05 08:12:11.000000,440,0.0,0.0
2024-03-05 08:12:11.000000,442,0.0,0.0
2024-03-05 08:12:11.000000,435,0.0,0.0
2024-03-05 08:12:11.000000,245,0.0,0.0
2024-03-05 08:12:11.000000,443,0.0,0.0
2024-03-05 08:12:11.000000,444,0.0,0.0
2024-03-05 08:12:11.000000,445,0.0,0.0
2024-03-05 08:12:11.000000,212,0.0,0.0
2024-03-05 08:12:11.000000,432,0.0,0.0
2024-03-05 08:12:11.000000,431,0.0,0.0
2024-03-05 08:12:11.000000,433,0.0,0.0
2024-03-05 08:12:11.000000,189,0.0,0.0
2024-03-05 08:12:11.000000,195,0.0,0.0
2024-03-05 08:12:12.000000,272,0.0,0.0
2024-03-05 08:12:12.000000,273,0.0,0.0
2024-03-05 08:12:12.000000,196,0.0,0.0
2024-03-05 08:12:12.000000,274,0.0,0.0
2024-03-05 08:12:12.000000,257,0.0,0.0
2024-03-05 08:12:20.000001,554,1.0,0.0
2024-03-05 08:12:21.000000,554,1.0,1.0
2024-03-05 08:12:21.000000,554,1.0,1.0
2024-03-05 08:12:21.000000,554,1.0,1.0
2024-03-05 08:12:21.000000,554,1.0,1.0
2024-03-05 08:12:21.000000,554,1.0,1.0
2024-03-05 08:12:21.000000,554,1.0,1.0
2024-03-05 08:12:21.000000,554,1.0,1.0
2024-03-05 08:12:21.000000,554,1.0,1.0
2024-03-05 08:12:21.000000,554,1.0,1.0
2024-03-05 08:12:22.000000,257,0.0,1.0
2024-03-05 08:12:22.000000,435,0.0,1.0
2024-03-05 08:12:22.000000,452,0.0,1.0
2024-03-05 08:12:22.000000,257,0.0,1.0
2024-03-05 08:12:22.000000,451,0.0,1.0
2024-03-05 08:12:22.000000,257,0.0,1.0
2024-03-05 08:12:22.000000,450,0.0,1.0
2024-03-05 08:12:22.000000,257,0.0,1.0
2024-03-05 08:12:22.000000,257,0.0,1.0
2024-03-05 08:12:22.000000,257,0.0,1.0
2024-03-05 08:12:22.000000,458,1.0,1.0
2024-03-05 08:12:22.000000,457,1.0,1.0
2024-03-05 08:12:22.000000,257,0.0,1.0
2024-03-05 08:12:22.000000,455,0.0,1.0
2024-03-05 08:12:22.000000,456,0.0,1.0
2024-03-05 08:12:22.000000,454,0.0,1.0
2024-03-05 08:12:22.000000,449,0.0,1.0
2024-03-05 08:12:22.000000,443,0.0,1.0
2024-03-05 08:12:22.000000,448,0.0,1.0
2024-03-05 08:12:22.000000,257,0.0,1.0
2024-03-05 08:12:22.000000,446,0.0,1.0
2024-03-05 08:12:22.000000,266,0.0,1.0
2024-03-05 08:12:22.000000,353,0.0,1.0
2024-03-05 08:12:22.000000,352,0.0,1.0
2024-03-05 08:12:22.000000,353,0.0,1.0
2024-03-05 08:12:22.000000,257,0.0,1.0
2024-03-05 08:12:22.000000,447,1.0,1.0
2024-03-05 08:12:22.000000,257,0.0,1.0
2024-03-05 08:12:22.000000,353,0.0,1.0
2024-03-05 08:13:37.000000,192,0.0,1.0
2024-03-05 08:13:39.000000,193,0.0,1.0
2024-03-05 08:13:41.000000,287,1.0,1.0
2024-03-05 08:15:07.000000,192,0.0,1.0
2024-03-05 08:15:10.000000,287,1.0,1.0
2024-03-05 08:15:10.000000,193,0.0,1.0
2024-03-05 08:15:53.000000,245,0.0,1.0
2024-03-05 08:15:53.000000,444,0.0,1.0
2024-03-05 08:15:53.000000,443,0.0,1.0
2024-03-05 08:15:53.000000,445,0.0,1.0
2024-03-05 08:15:53.000000,212,0.0,1.0
2024-03-05 08:15:53.000000,195,0.0,1.0
2024-03-05 08:15:53.000000,274,0.0,1.0
2024-03-05 08:15:53.000000,196,0.0,1.0
2024-03-05 08:15:53.000000,435,0.0,1.0
2024-03-05 08:15:53.000000,189,0.0,1.0
2024-03-05 08:15:53.000000,257,0.0,1.0
2024-03-05 08:15:53.000000,442,0.0,1.0
2024-03-05 08:15:53.000000,438,0.0,1.0
2024-03-05 08:15:53.000000,439,0.0,1.0
2024-03-05 08:15:53.000000,273,0.0,1.0
2024-03-05 08:15:53.000000,272,0.0,1.0
2024-03-05 08:15:53.000000,440,0.0,1.0
2024-03-05 08:15:53.000000,432,0.0,1.0
2024-03-05 08:15:53.000000,433,0.0,1.0
2024-03-05 08:15:53.000000,431,0.0,1.0
2024-03-05 08:15:53.000000,435,0.0,1.0
2024-03-05 08:15:53.000000,435,0.0,1.0
2024-03-05 08:15:53.000000,436,0.0,1.0
2024-03-05 08:15:53.000000,256,1.0,1.0
2024-03-05 08:15:53.000000,437,0.0,1.0
2024-03-05 08:15:53.000000,434,0.0,1.0
2024-03-05 08:16:03.000000,443,0.0,1.0
2024-03-05 08:16:03.000000,257,0.0,1.0
2024-03-05 08:16:03.000000,455,0.0,1.0
2024-03-05 08:16:03.000000,456,0.0,1.0
2024-03-05 08:16:03.000000,458,1.0,1.0
2024-03-05 08:16:03.000000,257,0.0,1.0
2024-03-05 08:16:03.000000,454,0.0,1.0
2024-03-05 08:16:03.000000,457,1.0,1.0
2024-03-05 08:16:03.000000,257,0.0,1.0
2024-03-05 08:16:03.000000,257,0.0,1.0
2024-03-05 08:16:03.000000,352,0.0,1.0
2024-03-05 08:16:03.000000,452,0.0,1.0
2024-03-05 08:16:03.000000,446,0.0,1.0
2024-03-05 08:16:03.000000,266,0.0,1.0
2024-03-05 08:16:03.000000,353,0.0,1.0
2024-03-05 08:16:03.000000,353,0.0,1.0
2024-03-05 08:16:03.000000,353,0.0,1.0
2024-03-05 08:16:03.000000,257,0.0,1.0
2024-03-05 08:16:03.000000,435,0.0,1.0
2024-03-05 08:16:03.000000,257,0.0,1.0
2024-03-05 08:16:03.000000,447,1.0,1.0
2024-03-05 08:16:03.000000,257,0.0,1.0
2024-03-05 08:16:03.000000,449,0.0,1.0
2024-03-05 08:16:03.000000,257,0.0,1.0
2024-03-05 08:16:03.000000,450,0.0,1.0
2024-03-05 08:16:03.000000,257,0.0,1.0
2024-03-05 08:16:03.000000,451,0.0,1.0
2024-03-05 08:16:03.000000,257,0.0,1.0
2024-03-05 08:16:03.000000,448,0.0,1.0
2024-03-05 08:16:51.000000,192,0.0,1.0
2024-03-05 08:16:53.000000,193,0.0,1.0
2024-03-05 08:16:54.000000,287,1.0,1.0
2024-03-05 08:18:11.000000,192,0.0,1.0
2024-03-05 08:18:12.000000,193,0.0,1.0
2024-03-05 08:18:13.000000,287,1.0,1.0
2024-03-05 08:19:39.000000,212,0.0,1.0
2024-03-05 08:19:39.000000,256,1.0,1.0
2024-03-05 08:19:39.000000,437,0.0,1.0
2024-03-05 08:19:39.000000,439,0.0,1.0
2024-03-05 08:19:39.000000,440,0.0,1.0
2024-03-05 08:19:39.000000,442,0.0,1.0
2024-03-05 08:19:39.000000,435,0.0,1.0
2024-03-05 08:19:39.000000,245,0.0,1.0
2024-03-05 08:19:39.000000,443,0.0,1.0
2024-03-05 08:19:39.000000,444,0.0,1.0
2024-03-05 08:19:39.000000,445,0.0,1.0
2024-03-05 08:19:39.000000,195,0.0,1.0
2024-03-05 08:19:39.000000,436,0.0,1.0
2024-03-05 08:19:39.000000,435,0.0,1.0
2024-03-05 08:19:39.000000,438,0.0,1.0
2024-03-05 08:19:39.000000,434,0.0,1.0
2024-03-05 08:19:39.000000,433,0.0,1.0
2024-03-05 08:19:39.000000,432,0.0,1.0
2024-03-05 08:19:39.000000,431,0.0,1.0
2024-03-05 08:19:39.000000,189,0.0,1.0
2024-03-05 08:19:39.000000,435,0.0,1.0
2024-03-05 08:19:40.000000,257,0.0,1.0
2024-03-05 08:19:40.000000,274,0.0,1.0
2024-03-05 08:19:40.000000,272,0.0,1.0
2024-03-05 08:19:40.000000,196,0.0,1.0
2024-03-05 08:19:40.000000,273,0.0,1.0
2024-03-05 08:19:50.000000,455,0.0,1.0
2024-03-05 08:19:50.000000,443,0.0,1.0
2024-03-05 08:19:50.000000,257,0.0,1.0
2024-03-05 08:19:50.000000,450,0.0,1.0
2024-03-05 08:19:50.000000,257,0.0,1.0
2024-03-05 08:19:50.000000,451,0.0,1.0
2024-03-05 08:19:50.000000,452,0.0,1.0
2024-03-05 08:19:50.000000,458,1.0,1.0
2024-03-05 08:19:50.000000,457,1.0,1.0
2024-03-05 08:19:50.000000,257,0.0,1.0
2024-03-05 08:19:50.000000,257,0.0,1.0
2024-03-05 08:19:50.000000,257,0.0,1.0
2024-03-05 08:19:50.000000,257,0.0,1.0
2024-03-05 08:19:50.000000,435,0.0,1.0
2024-03-05 08:19:50.000000,456,0.0,1.0
2024-03-05 08:19:50.000000,257,0.0,1.0
2024-03-05 08:19:50.000000,454,0.0,1.0
2024-03-05 08:19:50.000000,446,0.0,1.0
2024-03-05 08:19:50.000000,352,0.0,1.0
2024-03-05 08:19:50.000000,449,0.0,1.0
2024-03-05 08:19:50.000000,353,0.0,1.0
2024-03-05 08:19:50.000000,266,0.0,1.0
2024-03-05 08:19:50.000000,353,0.0,1.0
2024-03-05 08:19:50.000000,257,0.0,1.0
2024-03-05 08:19:50.000000,447,1.0,1.0
2024-03-05 08:19:50.000000,257,0.0,1.0
2024-03-05 08:19:50.000000,448,0.0,1.0
2024-03-05 08:19:50.000000,353,0.0,1.0
2024-03-05 08:19:50.000000,257,0.0,1.0
2024-03-05 08:20:29.000000,189,0.0,1.0
2024-03-05 08:20:29.000000,272,0.0,1.0
2024-03-05 08:20:29.000000,257,0.0,1.0
2024-03-05 08:20:29.000000,431,0.0,1.0
2024-03-05 08:20:29.000000,273,0.0,1.0
2024-03-05 08:20:29.000000,212,0.0,1.0
2024-03-05 08:20:29.000000,445,0.0,1.0
2024-03-05 08:20:29.000000,444,0.0,1.0
2024-03-05 08:20:29.000000,443,0.0,1.0
2024-03-05 08:20:29.000000,245,0.0,1.0
2024-03-05 08:20:29.000000,435,0.0,1.0
2024-03-05 08:20:29.000000,442,0.0,1.0
2024-03-05 08:20:29.000000,440,0.0,1.0
2024-03-05 08:20:29.000000,439,0.0,1.0
2024-03-05 08:20:29.000000,438,0.0,1.0
2024-03-05 08:20:29.000000,256,1.0,1.0
2024-03-05 08:20:29.000000,437,0.0,1.0
2024-03-05 08:20:29.000000,432,0.0,1.0
2024-03-05 08:20:29.000000,433,0.0,1.0
2024-03-05 08:20:29.000000,435,0.0,1.0
2024-03-05 08:20:29.000000,434,0.0,1.0
2024-03-05 08:20:29.000000,196,0.0,1.0
2024-03-05 08:20:29.000000,274,0.0,1.0
2024-03-05 08:20:29.000000,435,0.0,1.0
2024-03-05 08:20:29.000000,436,0.0,1.0
2024-03-05 08:20:29.000000,195,0.0,1.0
2024-03-05 08:20:39.000000,443,0.0,1.0
2024-03-05 08:20:39.000000,435,0.0,1.0
2024-03-05 08:20:39.000000,257,0.0,1.0
2024-03-05 08:20:39.000000,454,0.0,1.0
2024-03-05 08:20:39.000000,257,0.0,1.0
2024-03-05 08:20:39.000000,257,0.0,1.0
2024-03-05 08:20:39.000000,456,0.0,1.0
2024-03-05 08:20:39.000000,257,0.0,1.0
2024-03-05 08:20:39.000000,452,0.0,1.0
2024-03-05 08:20:39.000000,457,1.0,1.0
2024-03-05 08:20:39.000000,458,1.0,1.0
2024-03-05 08:20:39.000000,455,0.0,1.0
2024-03-05 08:20:39.000000,451,0.0,1.0
2024-03-05 08:20:39.000000,448,0.0,1.0
2024-03-05 08:20:39.000000,450,0.0,1.0
2024-03-05 08:20:39.000000,257,0.0,1.0
2024-03-05 08:20:39.000000,449,0.0,1.0
2024-03-05 08:20:39.000000,257,0.0,1.0
2024-03-05 08:20:39.000000,257,0.0,1.0
2024-03-05 08:20:39.000000,447,1.0,1.0
2024-03-05 08:20:39.000000,257,0.0,1.0
2024-03-05 08:20:39.000000,353,0.0,1.0
2024-03-05 08:20:39.000000,353,0.0,1.0
2024-03-05 08:20:39.000000,266,0.0,1.0
2024-03-05 08:20:39.000000,352,0.0,1.0
2024-03-05 08:20:39.000000,446,0.0,1.0
2024-03-05 08:20:39.000000,257,0.0,1.0
2024-03-05 08:20:39.000000,353,0.0,1.0
2024-03-05 08:20:39.000000,257,0.0,1.0
2024-03-05 08:21:29.000000,189,0.0,1.0
2024-03-05 08:21:29.000000,445,0.0,1.0
2024-03-05 08:21:29.000000,444,0.0,1.0
2024-03-05 08:21:29.000000,443,0.0,1.0
2024-03-05 08:21:29.000000,245,0.0,1.0
2024-03-05 08:21:29.000000,435,0.0,1.0
2024-03-05 08:21:29.000000,442,0.0,1.0
2024-03-05 08:21:29.000000,440,0.0,1.0
2024-03-05 08:21:29.000000,439,0.0,1.0
2024-03-05 08:21:29.000000,438,0.0,1.0
2024-03-05 08:21:29.000000,437,0.0,1.0
2024-03-05 08:21:29.000000,256,1.0,1.0
2024-03-05 08:21:29.000000,436,0.0,1.0
2024-03-05 08:21:29.000000,435,0.0,1.0
2024-03-05 08:21:29.000000,435,0.0,1.0
2024-03-05 08:21:29.000000,434,0.0,1.0
2024-03-05 08:21:29.000000,433,0.0,1.0
2024-03-05 08:21:29.000000,432,0.0,1.0
2024-03-05 08:21:29.000000,431,0.0,1.0
2024-03-05 08:21:29.000000,212,0.0,1.0
2024-03-05 08:21:29.000000,195,0.0,1.0
2024-03-05 08:21:30.000000,274,0.0,1.0
2024-03-05 08:21:30.000000,272,0.0,1.0
2024-03-05 08:21:30.000000,273,0.0,1.0
2024-03-05 08:21:30.000000,196,0.0,1.0
2024-03-05 08:21:30.000000,257,0.0,1.0
2024-03-05 08:21:40.000000,449,0.0,1.0
2024-03-05 08:21:40.000000,443,0.0,1.0
2024-03-05 08:21:40.000000,257,0.0,1.0
2024-03-05 08:21:40.000000,455,0.0,1.0
2024-03-05 08:21:40.000000,456,0.0,1.0
2024-03-05 08:21:40.000000,257,0.0,1.0
2024-03-05 08:21:40.000000,454,0.0,1.0
2024-03-05 08:21:40.000000,457,1.0,1.0
2024-03-05 08:21:40.000000,458,1.0,1.0
2024-03-05 08:21:40.000000,257,0.0,1.0
2024-03-05 08:21:40.000000,257,0.0,1.0
2024-03-05 08:21:40.000000,452,0.0,1.0
2024-03-05 08:21:40.000000,257,0.0,1.0
2024-03-05 08:21:40.000000,257,0.0,1.0
2024-03-05 08:21:40.000000,451,0.0,1.0
2024-03-05 08:21:40.000000,257,0.0,1.0
2024-03-05 08:21:40.000000,450,0.0,1.0
2024-03-05 08:21:40.000000,257,0.0,1.0
2024-03-05 08:21:40.000000,446,0.0,1.0
2024-03-05 08:21:40.000000,352,0.0,1.0
2024-03-05 08:21:40.000000,266,0.0,1.0
2024-03-05 08:21:40.000000,353,0.0,1.0
2024-03-05 08:21:40.000000,353,0.0,1.0
2024-03-05 08:21:40.000000,257,0.0,1.0
2024-03-05 08:21:40.000000,447,1.0,1.0
2024-03-05 08:21:40.000000,257,0.0,1.0
2024-03-05 08:21:40.000000,435,0.0,1.0
2024-03-05 08:21:40.000000,353,0.0,1.0
2024-03-05 08:21:40.000000,448,0.0,1.0
2024-03-05 08:22:40.000000,192,0.0,1.0
2024-03-05 08:22:41.000000,193,0.0,1.0
2024-03-05 08:22:42.000000,287,1.0,1.0
2024-03-05 08:23:35.000000,437,0.0,1.0
2024-03-05 08:23:35.000000,435,0.0,1.0
2024-03-05 08:23:35.000000,436,0.0,1.0
2024-03-05 08:23:35.000000,256,1.0,1.0
2024-03-05 08:23:35.000000,438,0.0,1.0
2024-03-05 08:23:35.000000,439,0.0,1.0
2024-03-05 08:23:35.000000,440,0.0,1.0
2024-03-05 08:23:35.000000,442,0.0,1.0
2024-03-05 08:23:35.000000,435,0.0,1.0
2024-03-05 08:23:35.000000,245,0.0,1.0
2024-03-05 08:23:35.000000,443,0.0,1.0
2024-03-05 08:23:35.000000,444,0.0,1.0
2024-03-05 08:23:35.000000,445,0.0,1.0
2024-03-05 08:23:35.000000,212,0.0,1.0
2024-03-05 08:23:35.000000,434,0.0,1.0
2024-03-05 08:23:35.000000,433,0.0,1.0
2024-03-05 08:23:35.000000,435,0.0,1.0
2024-03-05 08:23:35.000000,431,0.0,1.0
2024-03-05 08:23:35.000000,189,0.0,1.0
2024-03-05 08:23:35.000000,195,0.0,1.0
2024-03-05 08:23:35.000000,432,0.0,1.0
2024-03-05 08:23:36.000000,257,0.0,1.0
2024-03-05 08:23:36.000000,274,0.0,1.0
2024-03-05 08:23:36.000000,196,0.0,1.0
2024-03-05 08:23:36.000000,273,0.0,1.0
2024-03-05 08:23:36.000000,272,0.0,1.0
2024-03-05 08:23:46.000000,456,0.0,1.0
2024-03-05 08:23:46.000000,257,0.0,1.0
2024-03-05 08:23:46.000000,451,0.0,1.0
2024-03-05 08:23:46.000000,257,0.0,1.0
2024-03-05 08:23:46.000000,452,0.0,1.0
2024-03-05 08:23:46.000000,435,0.0,1.0
2024-03-05 08:23:46.000000,257,0.0,1.0
2024-03-05 08:23:46.000000,454,0.0,1.0
2024-03-05 08:23:46.000000,257,0.0,1.0
2024-03-05 08:23:46.000000,455,0.0,1.0
2024-03-05 08:23:46.000000,450,0.0,1.0
2024-03-05 08:23:46.000000,458,1.0,1.0
2024-03-05 08:23:46.000000,457,1.0,1.0
2024-03-05 08:23:46.000000,257,0.0,1.0
2024-03-05 08:23:46.000000,257,0.0,1.0
2024-03-05 08:23:46.000000,443,0.0,1.0
2024-03-05 08:23:46.000000,257,0.0,1.0
2024-03-05 08:23:46.000000,353,0.0,1.0
2024-03-05 08:23:46.000000,257,0.0,1.0
2024-03-05 08:23:46.000000,448,0.0,1.0
2024-03-05 08:23:46.000000,257,0.0,1.0
2024-03-05 08:23:46.000000,447,1.0,1.0
2024-03-05 08:23:46.000000,257,0.0,1.0
2024-03-05 08:23:46.000000,353,0.0,1.0
2024-03-05 08:23:46.000000,353,0.0,1.0
2024-03-05 08:23:46.000000,266,0.0,1.0
2024-03-05 08:23:46.000000,352,0.0,1.0
2024-03-05 08:23:46.000000,446,0.0,1.0
2024-03-05 08:23:46.000000,449,0.0,1.0
2024-03-05 08:25:01.000000,437,0.0,1.0
2024-03-05 08:25:01.000000,438,0.0,1.0
2024-03-05 08:25:01.000000,439,0.0,1.0
2024-03-05 08:25:01.000000,440,0.0,1.0
2024-03-05 08:25:01.000000,444,0.0,1.0
2024-03-05 08:25:01.000000,273,0.0,1.0
2024-03-05 08:25:01.000000,245,0.0,1.0
2024-03-05 08:25:01.000000,443,0.0,1.0
2024-03-05 08:25:01.000000,256,1.0,1.0
2024-03-05 08:25:01.000000,445,0.0,1.0
2024-03-05 08:25:01.000000,442,0.0,1.0
2024-03-05 08:25:01.000000,436,0.0,1.0
2024-03-05 08:25:01.000000,435,0.0,1.0
2024-03-05 08:25:01.000000,434,0.0,1.0
2024-03-05 08:25:01.000000,433,0.0,1.0
2024-03-05 08:25:01.000000,432,0.0,1.0
2024-03-05 08:25:01.000000,431,0.0,1.0
2024-03-05 08:25:01.000000,195,0.0,1.0
2024-03-05 08:25:01.000000,196,0.0,1.0
2024-03-05 08:25:01.000000,274,0.0,1.0
2024-03-05 08:25:01.000000,189,0.0,1.0
2024-03-05 08:25:01.000000,212,0.0,1.0
2024-03-05 08:25:01.000000,435,0.0,1.0
2024-03-05 08:25:01.000000,257,0.0,1.0
2024-03-05 08:25:01.000000,435,0.0,1.0
2024-03-05 08:25:01.000000,272,0.0,1.0
2024-03-05 08:25:11.000000,447,1.0,1.0
2024-03-05 08:25:11.000000,458,1.0,1.0
2024-03-05 08:25:11.000000,457,1.0,1.0
2024-03-05 08:25:11.000000,257,0.0,1.0
2024-03-05 08:25:11.000000,257,0.0,1.0
2024-03-05 08:25:11.000000,456,0.0,1.0
2024-03-05 08:25:11.000000,455,0.0,1.0
2024-03-05 08:25:11.000000,257,0.0,1.0
2024-03-05 08:25:11.000000,443,0.0,1.0
2024-03-05 08:25:11.000000,454,0.0,1.0
2024-03-05 08:25:11.000000,257,0.0,1.0
2024-03-05 08:25:11.000000,435,0.0,1.0
2024-03-05 08:25:11.000000,452,0.0,1.0
2024-03-05 08:25:11.000000,257,0.0,1.0
2024-03-05 08:25:11.000000,257,0.0,1.0
2024-03-05 08:25:11.000000,257,0.0,1.0
2024-03-05 08:25:11.000000,353,0.0,1.0
2024-03-05 08:25:11.000000,451,0.0,1.0
2024-03-05 08:25:11.000000,353,0.0,1.0
2024-03-05 08:25:11.000000,266,0.0,1.0
2024-03-05 08:25:11.000000,352,0.0,1.0
2024-03-05 08:25:11.000000,446,0.0,1.0
2024-03-05 08:25:11.000000,353,0.0,1.0
2024-03-05 08:25:11.000000,448,0.0,1.0
2024-03-05 08:25:11.000000,257,0.0,1.0
2024-03-05 08:25:11.000000,449,0.0,1.0
2024-03-05 08:25:11.000000,257,0.0,1.0
2024-03-05 08:25:11.000000,450,0.0,1.0
2024-03-05 08:25:11.000000,257,0.0,1.0
2024-03-05 08:25:55.000000,442,0.0,1.0
2024-03-05 08:25:55.000000,195,0.0,1.0
2024-03-05 08:25:55.000000,189,0.0,1.0
2024-03-05 08:25:55.000000,212,0.0,1.0
2024-03-05 08:25:55.000000,445,0.0,1.0
2024-03-05 08:25:55.000000,444,0.0,1.0
2024-03-05 08:25:55.000000,443,0.0,1.0
2024-03-05 08:25:55.000000,245,0.0,1.0
2024-03-05 08:25:55.000000,440,0.0,1.0
2024-03-05 08:25:55.000000,435,0.0,1.0
2024-03-05 08:25:55.000000,438,0.0,1.0
2024-03-05 08:25:55.000000,431,0.0,1.0
2024-03-05 08:25:55.000000,432,0.0,1.0
2024-03-05 08:25:55.000000,439,0.0,1.0
2024-03-05 08:25:55.000000,434,0.0,1.0
2024-03-05 08:25:55.000000,433,0.0,1.0
2024-03-05 08:25:55.000000,435,0.0,1.0
2024-03-05 08:25:55.000000,436,0.0,1.0
2024-03-05 08:25:55.000000,256,1.0,1.0
2024-03-05 08:25:55.000000,437,0.0,1.0
2024-03-05 08:25:55.000000,435,0.0,1.0
2024-03-05 08:25:56.000000,257,0.0,1.0
2024-03-05 08:25:56.000000,272,0.0,1.0
2024-03-05 08:25:56.000000,273,0.0,1.0
2024-03-05 08:25:56.000000,196,0.0,1.0
2024-03-05 08:25:56.000000,274,0.0,1.0
2024-03-05 08:26:06.000000,443,0.0,1.0
2024-03-05 08:26:06.000000,454,0.0,1.0
2024-03-05 08:26:06.000000,257,0.0,1.0
2024-03-05 08:26:06.000000,455,0.0,1.0
2024-03-05 08:26:06.000000,458,1.0,1.0
2024-03-05 08:26:06.000000,257,0.0,1.0
2024-03-05 08:26:06.000000,257,0.0,1.0
2024-03-05 08:26:06.000000,457,1.0,1.0
2024-03-05 08:26:06.000000,456,0.0,1.0
2024-03-05 08:26:06.000000,257,0.0,1.0
2024-03-05 08:26:06.000000,257,0.0,1.0
2024-03-05 08:26:06.000000,435,0.0,1.0
2024-03-05 08:26:06.000000,446,0.0,1.0
2024-03-05 08:26:06.000000,352,0.0,1.0
2024-03-05 08:26:06.000000,266,0.0,1.0
2024-03-05 08:26:06.000000,353,0.0,1.0
2024-03-05 08:26:06.000000,353,0.0,1.0
2024-03-05 08:26:06.000000,353,0.0,1.0
2024-03-05 08:26:06.000000,257,0.0,1.0
2024-03-05 08:26:06.000000,447,1.0,1.0
2024-03-05 08:26:06.000000,257,0.0,1.0
2024-03-05 08:26:06.000000,452,0.0,1.0
2024-03-05 08:26:06.000000,451,0.0,1.0
2024-03-05 08:26:06.000000,257,0.0,1.0
2024-03-05 08:26:06.000000,450,0.0,1.0
2024-03-05 08:26:06.000000,257,0.0,1.0
2024-03-05 08:26:06.000000,449,0.0,1.0
2024-03-05 08:26:06.000000,257,0.0,1.0
2024-03-05 08:26:06.000000,448,0.0,1.0
2024-03-05 08:26:56.000000,432,0.0,1.0
2024-03-05 08:26:56.000000,435,0.0,1.0
2024-03-05 08:26:56.000000,443,0.0,1.0
2024-03-05 08:26:56.000000,272,0.0,1.0
2024-03-05 08:26:56.000000,273,0.0,1.0
2024-03-05 08:26:56.000000,442,0.0,1.0
2024-03-05 08:26:56.000000,189,0.0,1.0
2024-03-05 08:26:56.000000,245,0.0,1.0
2024-03-05 08:26:56.000000,440,0.0,1.0
2024-03-05 08:26:56.000000,438,0.0,1.0
2024-03-05 08:26:56.000000,431,0.0,1.0
2024-03-05 08:26:56.000000,437,0.0,1.0
2024-03-05 08:26:56.000000,445,0.0,1.0
2024-03-05 08:26:56.000000,196,0.0,1.0
2024-03-05 08:26:56.000000,274,0.0,1.0
2024-03-05 08:26:56.000000,257,0.0,1.0
2024-03-05 08:26:56.000000,212,0.0,1.0
2024-03-05 08:26:56.000000,256,1.0,1.0
2024-03-05 08:26:56.000000,436,0.0,1.0
2024-03-05 08:26:56.000000,435,0.0,1.0
2024-03-05 08:26:56.000000,435,0.0,1.0
2024-03-05 08:26:56.000000,434,0.0,1.0
2024-03-05 08:26:56.000000,433,0.0,1.0
2024-03-05 08:26:56.000000,439,0.0,1.0
2024-03-05 08:26:56.000000,195,0.0,1.0
2024-03-05 08:26:56.000000,444,0.0,1.0
2024-03-05 08:27:07.000000,452,0.0,1.0
2024-03-05 08:27:07.000000,458,1.0,1.0
2024-03-05 08:27:07.000000,457,1.0,1.0
2024-03-05 08:27:07.000000,257,0.0,1.0
2024-03-05 08:27:07.000000,456,0.0,1.0
2024-03-05 08:27:07.000000,455,0.0,1.0
2024-03-05 08:27:07.000000,257,0.0,1.0
2024-03-05 08:27:07.000000,443,0.0,1.0
2024-03-05 08:27:07.000000,454,0.0,1.0
2024-03-05 08:27:07.000000,257,0.0,1.0
2024-03-05 08:27:07.000000,435,0.0,1.0
2024-03-05 08:27:07.000000,257,0.0,1.0
2024-03-05 08:27:07.000000,451,0.0,1.0
2024-03-05 08:27:07.000000,257,0.0,1.0
2024-03-05 08:27:07.000000,257,0.0,1.0
2024-03-05 08:27:07.000000,257,0.0,1.0
2024-03-05 08:27:07.000000,446,0.0,1.0
2024-03-05 08:27:07.000000,352,0.0,1.0
2024-03-05 08:27:07.000000,266,0.0,1.0
2024-03-05 08:27:07.000000,450,0.0,1.0
2024-03-05 08:27:07.000000,353,0.0,1.0
2024-03-05 08:27:07.000000,353,0.0,1.0
2024-03-05 08:27:07.000000,353,0.0,1.0
2024-03-05 08:27:07.000000,447,1.0,1.0
2024-03-05 08:27:07.000000,257,0.0,1.0
2024-03-05 08:27:07.000000,448,0.0,1.0
2024-03-05 08:27:07.000000,257,0.0,1.0
2024-03-05 08:27:07.000000,449,0.0,1.0
2024-03-05 08:27:07.000000,257,0.0,1.0
2024-03-05 08:27:23.000000,554,1.0,1.0
2024-03-05 08:27:23.000000,554,1.0,1.0
2024-03-05 08:27:23.000000,554,1.0,1.0
2024-03-05 08:27:23.000000,554,1.0,1.0
2024-03-05 08:27:23.000000,554,1.0,1.0
2024-03-05 08:27:23.000000,554,1.0,1.0
2024-03-05 08:27:23.000000,554,1.0,1.0
2024-03-05 08:27:23.000000,554,1.0,1.0
2024-03-05 08:27:23.000000,554,1.0,1.0
2024-03-05 08:27:23.000000,140,1.0,1.0
2024-03-05 08:27:23.000000,554,1.0,1.0
2024-03-05 08:27:50.000000,554,1.0,1.0
2024-03-05 08:27:50.000000,140,1.0,1.0
2024-03-05 08:27:50.000000,554,1.0,1.0
2024-03-05 08:27:50.000000,554,1.0,1.0
2024-03-05 08:27:50.000000,554,1.0,1.0
2024-03-05 08:27:50.000000,554,1.0,1.0
2024-03-05 08:27:50.000000,554,1.0,1.0
2024-03-05 08:27:50.000000,554,1.0,1.0
2024-03-05 08:27:50.000000,554,1.0,1.0
2024-03-05 08:27:50.000000,554,1.0,1.0
2024-03-05 08:27:50.000000,554,1.0,1.0
2024-03-05 08:27:56.000000,192,0.0,1.0
2024-03-05 08:27:59.000000,287,1.0,1.0
2024-03-05 08:27:59.000000,193,0.0,1.0
2024-03-05 08:28:27.000000,554,1.0,1.0
2024-03-05 08:28:27.000000,140,1.0,1.0
2024-03-05 08:28:27.000000,554,1.0,1.0
2024-03-05 08:28:27.000000,554,1.0,1.0
2024-03-05 08:28:27.000000,554,1.0,1.0
2024-03-05 08:28:27.000000,554,1.0,1.0
2024-03-05 08:28:27.000000,554,1.0,1.0
2024-03-05 08:28:27.000000,554,1.0,1.0
2024-03-05 08:28:27.000000,554,1.0,1.0
2024-03-05 08:28:27.000000,554,1.0,1.0
2024-03-05 08:28:27.000000,554,1.0,1.0
2024-03-05 08:28:46.000000,444,0.0,1.0
2024-03-05 08:28:46.000000,445,0.0,1.0
2024-03-05 08:28:46.000000,212,0.0,1.0
2024-03-05 08:28:46.000000,257,0.0,1.0
2024-03-05 08:28:46.000000,196,0.0,1.0
2024-03-05 08:28:46.000000,195,0.0,1.0
2024-03-05 08:28:46.000000,273,0.0,1.0
2024-03-05 08:28:46.000000,431,0.0,1.0
2024-03-05 08:28:46.000000,274,0.0,1.0
2024-03-05 08:28:46.000000,443,0.0,1.0
2024-03-05 08:28:46.000000,442,0.0,1.0
2024-03-05 08:28:46.000000,435,0.0,1.0
2024-03-05 08:28:46.000000,432,0.0,1.0
2024-03-05 08:28:46.000000,433,0.0,1.0
2024-03-05 08:28:46.000000,435,0.0,1.0
2024-03-05 08:28:46.000000,435,0.0,1.0
2024-03-05 08:28:46.000000,436,0.0,1.0
2024-03-05 08:28:46.000000,256,1.0,1.0
2024-03-05 08:28:46.000000,437,0.0,1.0
2024-03-05 08:28:46.000000,438,0.0,1.0
2024-03-05 08:28:46.000000,439,0.0,1.0
2024-03-05 08:28:46.000000,440,0.0,1.0
2024-03-05 08:28:46.000000,245,0.0,1.0
2024-03-05 08:28:46.000000,434,0.0,1.0
2024-03-05 08:28:46.000000,272,0.0,1.0
2024-03-05 08:28:46.000000,189,0.0,1.0
2024-03-05 08:28:55.000000,554,1.0,1.0
2024-03-05 08:28:55.000000,140,1.0,1.0
2024-03-05 08:28:55.000000,554,1.0,1.0
2024-03-05 08:28:55.000000,554,1.0,1.0
2024-03-05 08:28:55.000000,554,1.0,1.0
2024-03-05 08:28:55.000000,554,1.0,1.0
2024-03-05 08:28:55.000000,554,1.0,1.0
2024-03-05 08:28:55.000000,554,1.0,1.0
2024-03-05 08:28:55.000000,554,1.0,1.0
2024-03-05 08:28:55.000000,554,1.0,1.0
2024-03-05 08:28:55.000000,554,1.0,1.0
2024-03-05 08:28:56.000000,257,0.0,1.0
2024-03-05 08:28:56.000000,257,0.0,1.0
2024-03-05 08:28:56.000000,450,0.0,1.0
2024-03-05 08:28:56.000000,257,0.0,1.0
2024-03-05 08:28:56.000000,449,0.0,1.0
2024-03-05 08:28:56.000000,257,0.0,1.0
2024-03-05 08:28:56.000000,448,0.0,1.0
2024-03-05 08:28:56.000000,447,1.0,1.0
2024-03-05 08:28:56.000000,352,0.0,1.0
2024-03-05 08:28:56.000000,353,0.0,1.0
2024-03-05 08:28:56.000000,353,0.0,1.0
2024-03-05 08:28:56.000000,353,0.0,1.0
2024-03-05 08:28:56.000000,266,0.0,1.0
2024-03-05 08:28:56.000000,451,0.0,1.0
2024-03-05 08:28:56.000000,446,0.0,1.0
2024-03-05 08:28:56.000000,257,0.0,1.0
2024-03-05 08:28:56.000000,458,1.0,1.0
2024-03-05 08:28:56.000000,257,0.0,1.0
2024-03-05 08:28:56.000000,257,0.0,1.0
2024-03-05 08:28:56.000000,457,1.0,1.0
2024-03-05 08:28:56.000000,435,0.0,1.0
2024-03-05 08:28:56.000000,257,0.0,1.0
2024-03-05 08:28:56.000000,454,0.0,1.0
2024-03-05 08:28:56.000000,443,0.0,1.0
2024-03-05 08:28:56.000000,257,0.0,1.0
2024-03-05 08:28:56.000000,455,0.0,1.0
2024-03-05 08:28:56.000000,456,0.0,1.0
2024-03-05 08:28:56.000000,257,0.0,1.0
2024-03-05 08:28:56.000000,452,0.0,1.0
2024-03-05 08:29:18.000000,554,1.0,1.0
2024-03-05 08:29:18.000000,554,1.0,1.0
2024-03-05 08:29:18.000000,554,1.0,1.0
2024-03-05 08:29:18.000000,554,1.0,1.0
2024-03-05 08:29:18.000000,554,1.0,1.0
2024-03-05 08:29:18.000000,554,1.0,1.0
2024-03-05 08:29:18.000000,554,1.0,1.0
2024-03-05 08:29:18.000000,554,1.0,1.0
2024-03-05 08:29:18.000000,554,1.0,1.0
2024-03-05 08:29:18.000000,140,1.0,1.0
2024-03-05 08:29:18.000000,554,1.0,1.0
2024-03-05 08:29:45.000000,554,1.0,1.0
2024-03-05 08:29:45.000000,554,1.0,1.0
2024-03-05 08:29:45.000000,554,1.0,1.0
2024-03-05 08:29:45.000000,554,1.0,1.0
2024-03-05 08:29:45.000000,554,1.0,1.0
2024-03-05 08:29:45.000000,554,1.0,1.0
2024-03-05 08:29:45.000000,554,1.0,1.0
2024-03-05 08:29:45.000000,554,1.0,1.0
2024-03-05 08:29:45.000000,554,1.0,1.0
2024-03-05 08:29:45.000000,554,1.0,1.0
2024-03-05 08:29:45.000000,140,1.0,1.0
2024-03-05 08:29:57.000000,436,0.0,1.0
2024-03-05 08:29:57.000000,195,0.0,1.0
2024-03-05 08:29:57.000000,435,0.0,1.0
2024-03-05 08:29:57.000000,435,0.0,1.0
2024-03-05 08:29:57.000000,434,0.0,1.0
2024-03-05 08:29:57.000000,433,0.0,1.0
2024-03-05 08:29:57.000000,432,0.0,1.0
2024-03-05 08:29:57.000000,431,0.0,1.0
2024-03-05 08:29:57.000000,212,0.0,1.0
2024-03-05 08:29:57.000000,189,0.0,1.0
2024-03-05 08:29:57.000000,445,0.0,1.0
2024-03-05 08:29:57.000000,443,0.0,1.0
2024-03-05 08:29:57.000000,245,0.0,1.0
2024-03-05 08:29:57.000000,435,0.0,1.0
2024-03-05 08:29:57.000000,442,0.0,1.0
2024-03-05 08:29:57.000000,440,0.0,1.0
2024-03-05 08:29:57.000000,439,0.0,1.0
2024-03-05 08:29:57.000000,438,0.0,1.0
2024-03-05 08:29:57.000000,437,0.0,1.0
2024-03-05 08:29:57.000000,256,1.0,1.0
2024-03-05 08:29:57.000000,444,0.0,1.0
2024-03-05 08:29:58.000000,257,0.0,1.0
2024-03-05 08:29:58.000000,273,0.0,1.0
2024-03-05 08:29:58.000000,274,0.0,1.0
2024-03-05 08:29:58.000000,196,0.0,1.0
2024-03-05 08:29:58.000000,272,0.0,1.0
2024-03-05 08:30:01.000000,140,1.0,1.0
2024-03-05 08:30:01.000000,554,1.0,1.0
2024-03-05 08:30:01.000000,554,1.0,1.0
2024-03-05 08:30:01.000000,554,1.0,1.0
2024-03-05 08:30:01.000000,554,1.0,1.0
2024-03-05 08:30:01.000000,554,1.0,1.0
2024-03-05 08:30:01.000000,554,1.0,1.0
2024-03-05 08:30:01.000000,554,1.0,1.0
2024-03-05 08:30:01.000000,554,1.0,1.0
2024-03-05 08:30:01.000000,554,1.0,1.0
2024-03-05 08:30:01.000000,554,1.0,1.0
2024-03-05 08:30:08.000000,449,0.0,1.0
2024-03-05 08:30:08.000000,257,0.0,1.0
2024-03-05 08:30:08.000000,435,0.0,1.0
2024-03-05 08:30:08.000000,452,0.0,1.0
2024-03-05 08:30:08.000000,257,0.0,1.0
2024-03-05 08:30:08.000000,451,0.0,1.0
2024-03-05 08:30:08.000000,257,0.0,1.0
2024-03-05 08:30:08.000000,450,0.0,1.0
2024-03-05 08:30:08.000000,257,0.0,1.0
2024-03-05 08:30:08.000000,443,0.0,1.0
2024-03-05 08:30:08.000000,257,0.0,1.0
2024-03-05 08:30:08.000000,257,0.0,1.0
2024-03-05 08:30:08.000000,447,1.0,1.0
2024-03-05 08:30:08.000000,257,0.0,1.0
2024-03-05 08:30:08.000000,353,0.0,1.0
2024-03-05 08:30:08.000000,353,0.0,1.0
2024-03-05 08:30:08.000000,353,0.0,1.0
2024-03-05 08:30:08.000000,266,0.0,1.0
2024-03-05 08:30:08.000000,352,0.0,1.0
2024-03-05 08:30:08.000000,446,0.0,1.0
2024-03-05 08:30:08.000000,448,0.0,1.0
2024-03-05 08:30:08.000000,257,0.0,1.0
2024-03-05 08:30:08.000000,454,0.0,1.0
2024-03-05 08:30:08.000000,456,0.0,1.0
2024-03-05 08:30:08.000000,257,0.0,1.0
2024-03-05 08:30:08.000000,257,0.0,1.0
2024-03-05 08:30:08.000000,457,1.0,1.0
2024-03-05 08:30:08.000000,458,1.0,1.0
2024-03-05 08:30:08.000000,455,0.0,1.0
2024-03-05 08:30:14.000000,554,1.0,1.0
2024-03-05 08:30:14.000000,554,1.0,1.0
2024-03-05 08:30:14.000000,554,1.0,1.0
2024-03-05 08:30:14.000000,554,1.0,1.0
2024-03-05 08:30:14.000000,554,1.0,1.0
2024-03-05 08:30:14.000000,554,1.0,1.0
2024-03-05 08:30:14.000000,554,1.0,1.0
2024-03-05 08:30:14.000000,554,1.0,1.0
2024-03-05 08:30:14.000000,554,1.0,1.0
2024-03-05 08:30:14.000000,140,1.0,1.0
2024-03-05 08:30:14.000000,554,1.0,1.0
2024-03-05 08:30:29.000000,195,0.0,1.0
2024-03-05 08:30:29.000000,212,0.0,1.0
2024-03-05 08:30:29.000000,274,0.0,1.0
2024-03-05 08:30:29.000000,431,0.0,1.0
2024-03-05 08:30:29.000000,432,0.0,1.0
2024-03-05 08:30:29.000000,443,0.0,1.0
2024-03-05 08:30:29.000000,433,0.0,1.0
2024-03-05 08:30:29.000000,445,0.0,1.0
2024-03-05 08:30:29.000000,444,0.0,1.0
2024-03-05 08:30:29.000000,196,0.0,1.0
2024-03-05 08:30:29.000000,442,0.0,1.0
2024-03-05 08:30:29.000000,440,0.0,1.0
2024-03-05 08:30:29.000000,435,0.0,1.0
2024-03-05 08:30:29.000000,439,0.0,1.0
2024-03-05 08:30:29.000000,438,0.0,1.0
2024-03-05 08:30:29.000000,437,0.0,1.0
2024-03-05 08:30:29.000000,256,1.0,1.0
2024-03-05 08:30:29.000000,245,0.0,1.0
2024-03-05 08:30:29.000000,436,0.0,1.0
2024-03-05 08:30:29.000000,435,0.0,1.0
2024-03-05 08:30:29.000000,435,0.0,1.0
2024-03-05 08:30:29.000000,189,0.0,1.0
2024-03-05 08:30:29.000000,272,0.0,1.0
2024-03-05 08:30:29.000000,273,0.0,1.0
2024-03-05 08:30:29.000000,257,0.0,1.0
2024-03-05 08:30:29.000000,434,0.0,1.0
2024-03-05 08:30:38.000000,140,1.0,1.0
2024-03-05 08:30:38.000000,554,1.0,1.0
2024-03-05 08:30:38.000000,554,1.0,1.0
2024-03-05 08:30:38.000000,554,1.0,1.0
2024-03-05 08:30:38.000000,554,1.0,1.0
2024-03-05 08:30:38.000000,554,1.0,1.0
2024-03-05 08:30:38.000000,554,1.0,1.0
2024-03-05 08:30:38.000000,554,1.0,1.0
2024-03-05 08:30:38.000000,554,1.0,1.0
2024-03-05 08:30:38.000000,554,1.0,1.0
2024-03-05 08:30:38.000000,554,1.0,1.0
2024-03-05 08:30:40.000000,458,1.0,1.0
2024-03-05 08:30:40.000000,457,1.0,1.0
2024-03-05 08:30:40.000000,257,0.0,1.0
2024-03-05 08:30:40.000000,257,0.0,1.0
2024-03-05 08:30:40.000000,456,0.0,1.0
2024-03-05 08:30:40.000000,455,0.0,1.0
2024-03-05 08:30:40.000000,443,0.0,1.0
2024-03-05 08:30:40.000000,257,0.0,1.0
2024-03-05 08:30:40.000000,446,0.0,1.0
2024-03-05 08:30:40.000000,352,0.0,1.0
2024-03-05 08:30:40.000000,266,0.0,1.0
2024-03-05 08:30:40.000000,353,0.0,1.0
2024-03-05 08:30:40.000000,353,0.0,1.0
2024-03-05 08:30:40.000000,353,0.0,1.0
2024-03-05 08:30:40.000000,454,0.0,1.0
2024-03-05 08:30:40.000000,447,1.0,1.0
2024-03-05 08:30:40.000000,257,0.0,1.0
2024-03-05 08:30:40.000000,257,0.0,1.0
2024-03-05 08:30:40.000000,451,0.0,1.0
2024-03-05 08:30:40.000000,257,0.0,1.0
2024-03-05 08:30:40.000000,452,0.0,1.0
2024-03-05 08:30:40.000000,435,0.0,1.0
2024-03-05 08:30:40.000000,450,0.0,1.0
2024-03-05 08:30:40.000000,257,0.0,1.0
2024-03-05 08:30:40.000000,449,0.0,1.0
2024-03-05 08:30:40.000000,257,0.0,1.0
2024-03-05 08:30:40.000000,448,0.0,1.0
2024-03-05 08:30:40.000000,257,0.0,1.0
2024-03-05 08:30:40.000000,257,0.0,1.0
2024-03-05 08:30:56.000000,554,1.0,1.0
2024-03-05 08:30:56.000000,140,1.0,1.0
2024-03-05 08:30:56.000000,554,1.0,1.0
2024-03-05 08:30:56.000000,554,1.0,1.0
2024-03-05 08:30:56.000000,554,1.0,1.0
2024-03-05 08:30:56.000000,554,1.0,1.0
2024-03-05 08:30:56.000000,554,1.0,1.0
2024-03-05 08:30:56.000000,554,1.0,1.0
2024-03-05 08:30:56.000000,554,1.0,1.0
2024-03-05 08:30:56.000000,554,1.0,1.0
2024-03-05 08:30:56.000000,554,1.0,1.0
2024-03-05 08:31:10.000000,140,1.0,1.0
2024-03-05 08:31:10.000000,554,1.0,1.0
2024-03-05 08:31:10.000000,554,1.0,1.0
2024-03-05 08:31:10.000000,554,1.0,1.0
2024-03-05 08:31:10.000000,554,1.0,1.0
2024-03-05 08:31:10.000000,554,1.0,1.0
2024-03-05 08:31:10.000000,554,1.0,1.0
2024-03-05 08:31:10.000000,554,1.0,1.0
2024-03-05 08:31:10.000000,554,1.0,1.0
2024-03-05 08:31:10.000000,554,1.0,1.0
2024-03-05 08:31:10.000000,554,1.0,1.0
2024-03-05 08:31:27.000000,192,0.0,1.0
2024-03-05 08:31:28.000000,554,1.0,1.0
2024-03-05 08:31:28.000000,554,1.0,1.0
2024-03-05 08:31:28.000000,554,1.0,1.0
2024-03-05 08:31:28.000000,554,1.0,1.0
2024-03-05 08:31:28.000000,554,1.0,1.0
2024-03-05 08:31:28.000000,554,1.0,1.0
2024-03-05 08:31:28.000000,554,1.0,1.0
2024-03-05 08:31:28.000000,554,1.0,1.0
2024-03-05 08:31:28.000000,140,1.0,1.0
2024-03-05 08:31:28.000000,554,1.0,1.0
2024-03-05 08:31:28.000000,554,1.0,1.0
2024-03-05 08:31:29.000000,287,1.0,1.0
2024-03-05 08:31:29.000000,193,0.0,1.0
2024-03-05 08:31:46.000000,554,1.0,1.0
2024-03-05 08:31:46.000000,554,1.0,1.0
2024-03-05 08:31:46.000000,554,1.0,1.0
2024-03-05 08:31:46.000000,554,1.0,1.0
2024-03-05 08:31:46.000000,554,1.0,1.0
2024-03-05 08:31:46.000000,554,1.0,1.0
2024-03-05 08:31:46.000000,554,1.0,1.0
2024-03-05 08:31:46.000000,554,1.0,1.0
2024-03-05 08:31:46.000000,140,1.0,1.0
2024-03-05 08:31:46.000000,554,1.0,1.0
2024-03-05 08:31:46.000000,554,1.0,1.0
2024-03-05 08:32:09.000000,439,0.0,1.0
2024-03-05 08:32:09.000000,438,0.0,1.0
2024-03-05 08:32:09.000000,437,0.0,1.0
2024-03-05 08:32:09.000000,256,1.0,1.0
2024-03-05 08:32:09.000000,436,0.0,1.0
2024-03-05 08:32:09.000000,435,0.0,1.0
2024-03-05 08:32:09.000000,435,0.0,1.0
2024-03-05 08:32:09.000000,440,0.0,1.0
2024-03-05 08:32:09.000000,196,0.0,1.0
2024-03-05 08:32:09.000000,435,0.0,1.0
2024-03-05 08:32:09.000000,245,0.0,1.0
2024-03-05 08:32:09.000000,443,0.0,1.0
2024-03-05 08:32:09.000000,444,0.0,1.0
2024-03-05 08:32:09.000000,445,0.0,1.0
2024-03-05 08:32:09.000000,212,0.0,1.0
2024-03-05 08:32:09.000000,257,0.0,1.0
2024-03-05 08:32:09.000000,442,0.0,1.0
2024-03-05 08:32:09.000000,434,0.0,1.0
2024-03-05 08:32:09.000000,554,1.0,1.0
2024-03-05 08:32:09.000000,432,0.0,1.0
2024-03-05 08:32:09.000000,554,1.0,1.0
2024-03-05 08:32:09.000000,273,0.0,1.0
2024-03-05 08:32:09.000000,272,0.0,1.0
2024-03-05 08:32:09.000000,189,0.0,1.0
2024-03-05 08:32:09.000000,433,0.0,1.0
2024-03-05 08:32:09.000000,140,1.0,1.0
2024-03-05 08:32:09.000000,274,0.0,1.0
2024-03-05 08:32:09.000000,554,1.0,1.0
2024-03-05 08:32:09.000000,554,1.0,1.0
2024-03-05 08:32:09.000000,554,1.0,1.0
2024-03-05 08:32:09.000000,554,1.0,1.0
2024-03-05 08:32:09.000000,554,1.0,1.0
2024-03-05 08:32:09.000000,554,1.0,1.0
2024-03-05 08:32:09.000000,554,1.0,1.0
2024-03-05 08:32:09.000000,431,0.0,1.0
2024-03-05 08:32:09.000000,195,0.0,1.0
2024-03-05 08:32:09.000000,554,1.0,1.0
2024-03-05 08:32:20.000000,446,0.0,1.0
2024-03-05 08:32:20.000000,352,0.0,1.0
2024-03-05 08:32:20.000000,266,0.0,1.0
2024-03-05 08:32:20.000000,456,0.0,1.0
2024-03-05 08:32:20.000000,257,0.0,1.0
2024-03-05 08:32:20.000000,353,0.0,1.0
2024-03-05 08:32:20.000000,458,1.0,1.0
2024-03-05 08:32:20.000000,457,1.0,1.0
2024-03-05 08:32:20.000000,257,0.0,1.0
2024-03-05 08:32:20.000000,257,0.0,1.0
2024-03-05 08:32:20.000000,353,0.0,1.0
2024-03-05 08:32:20.000000,455,0.0,1.0
2024-03-05 08:32:20.000000,257,0.0,1.0
2024-03-05 08:32:20.000000,443,0.0,1.0
2024-03-05 08:32:20.000000,454,0.0,1.0
2024-03-05 08:32:20.000000,257,0.0,1.0
2024-03-05 08:32:20.000000,353,0.0,1.0
2024-03-05 08:32:20.000000,452,0.0,1.0
2024-03-05 08:32:20.000000,257,0.0,1.0
2024-03-05 08:32:20.000000,451,0.0,1.0
2024-03-05 08:32:20.000000,257,0.0,1.0
2024-03-05 08:32:20.000000,450,0.0,1.0
2024-03-05 08:32:20.000000,257,0.0,1.0
2024-03-05 08:32:20.000000,449,0.0,1.0
2024-03-05 08:32:20.000000,257,0.0,1.0
2024-03-05 08:32:20.000000,448,0.0,1.0
2024-03-05 08:32:20.000000,257,0.0,1.0
2024-03-05 08:32:20.000000,447,1.0,1.0
2024-03-05 08:32:20.000000,435,0.0,1.0
2024-03-05 08:32:26.000000,554,1.0,1.0
2024-03-05 08:32:26.000000,554,1.0,1.0
2024-03-05 08:32:26.000000,554,1.0,1.0
2024-03-05 08:32:26.000000,554,1.0,1.0
2024-03-05 08:32:26.000000,554,1.0,1.0
2024-03-05 08:32:26.000000,554,1.0,1.0
2024-03-05 08:32:26.000000,554,1.0,1.0
2024-03-05 08:32:26.000000,554,1.0,1.0
2024-03-05 08:32:26.000000,554,1.0,1.0
2024-03-05 08:32:26.000000,140,1.0,1.0
2024-03-05 08:32:26.000000,554,1.0,1.0
2024-03-05 08:32:37.000000,554,1.0,1.0
2024-03-05 08:32:37.000000,140,1.0,1.0
2024-03-05 08:32:37.000000,554,1.0,1.0
2024-03-05 08:32:37.000000,554,1.0,1.0
2024-03-05 08:32:37.000000,554,1.0,1.0
2024-03-05 08:32:37.000000,554,1.0,1.0
2024-03-05 08:32:37.000000,554,1.0,1.0
2024-03-05 08:32:37.000000,554,1.0,1.0
2024-03-05 08:32:37.000000,554,1.0,1.0
2024-03-05 08:32:37.000000,554,1.0,1.0
2024-03-05 08:32:37.000000,554,1.0,1.0
2024-03-05 08:32:54.000000,554,1.0,1.0
2024-03-05 08:32:54.000000,554,1.0,1.0
2024-03-05 08:32:54.000000,554,1.0,1.0
2024-03-05 08:32:54.000000,554,1.0,1.0
2024-03-05 08:32:54.000000,554,1.0,1.0
2024-03-05 08:32:54.000000,554,1.0,1.0
2024-03-05 08:32:54.000000,554,1.0,1.0
2024-03-05 08:32:54.000000,554,1.0,1.0
2024-03-05 08:32:54.000000,140,1.0,1.0
2024-03-05 08:32:54.000000,554,1.0,1.0
2024-03-05 08:32:54.000000,554,1.0,1.0
2024-03-05 08:32:59.000000,192,0.0,1.0
2024-03-05 08:33:01.000000,193,0.0,1.0
2024-03-05 08:33:02.000000,287,1.0,1.0
2024-03-05 08:33:04.000000,554,1.0,1.0
2024-03-05 08:33:04.000000,554,1.0,1.0
2024-03-05 08:33:04.000000,554,1.0,1.0
2024-03-05 08:33:04.000000,554,1.0,1.0
2024-03-05 08:33:04.000000,554,1.0,1.0
2024-03-05 08:33:04.000000,554,1.0,1.0
2024-03-05 08:33:04.000000,554,1.0,1.0
2024-03-05 08:33:04.000000,554,1.0,1.0
2024-03-05 08:33:04.000000,554,1.0,1.0
2024-03-05 08:33:04.000000,554,1.0,1.0
2024-03-05 08:33:04.000000,140,1.0,1.0
2024-03-05 08:33:20.000000,140,1.0,1.0
2024-03-05 08:33:20.000000,554,1.0,1.0
2024-03-05 08:33:20.000000,554,1.0,1.0
2024-03-05 08:33:20.000000,554,1.0,1.0
2024-03-05 08:33:20.000000,554,1.0,1.0
2024-03-05 08:33:20.000000,554,1.0,1.0
2024-03-05 08:33:20.000000,554,1.0,1.0
2024-03-05 08:33:20.000000,554,1.0,1.0
2024-03-05 08:33:20.000000,554,1.0,1.0
2024-03-05 08:33:20.000000,554,1.0,1.0
2024-03-05 08:33:20.000000,554,1.0,1.0
2024-03-05 08:33:27.000000,554,1.0,1.0
2024-03-05 08:33:27.000000,140,1.0,1.0
2024-03-05 08:33:27.000000,554,1.0,1.0
2024-03-05 08:33:27.000000,554,1.0,1.0
2024-03-05 08:33:27.000000,554,1.0,1.0
2024-03-05 08:33:27.000000,554,1.0,1.0
2024-03-05 08:33:27.000000,554,1.0,1.0
2024-03-05 08:33:27.000000,554,1.0,1.0
2024-03-05 08:33:27.000000,554,1.0,1.0
2024-03-05 08:33:27.000000,554,1.0,1.0
2024-03-05 08:33:27.000000,554,1.0,1.0
2024-03-05 08:33:36.000000,140,1.0,1.0
2024-03-05 08:33:36.000000,554,1.0,1.0
2024-03-05 08:33:36.000000,554,1.0,1.0
2024-03-05 08:33:36.000000,554,1.0,1.0
2024-03-05 08:33:36.000000,554,1.0,1.0
2024-03-05 08:33:36.000000,554,1.0,1.0
2024-03-05 08:33:36.000000,554,1.0,1.0
2024-03-05 08:33:36.000000,554,1.0,1.0
2024-03-05 08:33:36.000000,554,1.0,1.0
2024-03-05 08:33:36.000000,554,1.0,1.0
2024-03-05 08:33:36.000000,554,1.0,1.0
2024-03-05 08:33:37.000000,189,0.0,1.0
2024-03-05 08:33:37.000000,273,0.0,1.0
2024-03-05 08:33:37.000000,272,0.0,1.0
2024-03-05 08:33:37.000000,195,0.0,1.0
2024-03-05 08:33:37.000000,196,0.0,1.0
2024-03-05 08:33:37.000000,432,0.0,1.0
2024-03-05 08:33:37.000000,435,0.0,1.0
2024-03-05 08:33:37.000000,442,0.0,1.0
2024-03-05 08:33:37.000000,440,0.0,1.0
2024-03-05 08:33:37.000000,439,0.0,1.0
2024-03-05 08:33:37.000000,438,0.0,1.0
2024-03-05 08:33:37.000000,437,0.0,1.0
2024-03-05 08:33:37.000000,256,1.0,1.0
2024-03-05 08:33:37.000000,436,0.0,1.0
2024-03-05 08:33:37.000000,444,0.0,1.0
2024-03-05 08:33:37.000000,445,0.0,1.0
2024-03-05 08:33:37.000000,212,0.0,1.0
2024-03-05 08:33:37.000000,257,0.0,1.0
2024-03-05 08:33:37.000000,274,0.0,1.0
2024-03-05 08:33:37.000000,245,0.0,1.0
2024-03-05 08:33:37.000000,443,0.0,1.0
2024-03-05 08:33:37.000000,431,0.0,1.0
2024-03-05 08:33:37.000000,435,0.0,1.0
2024-03-05 08:33:37.000000,435,0.0,1.0
2024-03-05 08:33:37.000000,434,0.0,1.0
2024-03-05 08:33:37.000000,433,0.0,1.0
2024-03-05 08:33:41.000000,140,1.0,1.0
2024-03-05 08:33:41.000000,554,1.0,1.0
2024-03-05 08:33:41.000000,554,1.0,1.0
2024-03-05 08:33:41.000000,554,1.0,1.0
2024-03-05 08:33:41.000000,554,1.0,1.0
2024-03-05 08:33:41.000000,554,1.0,1.0
2024-03-05 08:33:41.000000,554,1.0,1.0
2024-03-05 08:33:41.000000,554,1.0,1.0
2024-03-05 08:33:41.000000,554,1.0,1.0
2024-03-05 08:33:41.000000,554,1.0,1.0
2024-03-05 08:33:41.000000,554,1.0,1.0
2024-03-05 08:33:48.000000,449,0.0,1.0
2024-03-05 08:33:48.000000,458,1.0,1.0
2024-03-05 08:33:48.000000,457,1.0,1.0
2024-03-05 08:33:48.000000,257,0.0,1.0
2024-03-05 08:33:48.000000,257,0.0,1.0
2024-03-05 08:33:48.000000,456,0.0,1.0
2024-03-05 08:33:48.000000,257,0.0,1.0
2024-03-05 08:33:48.000000,447,1.0,1.0
2024-03-05 08:33:48.000000,257,0.0,1.0
2024-03-05 08:33:48.000000,455,0.0,1.0
2024-03-05 08:33:48.000000,257,0.0,1.0
2024-03-05 08:33:48.000000,443,0.0,1.0
2024-03-05 08:33:48.000000,454,0.0,1.0
2024-03-05 08:33:48.000000,257,0.0,1.0
2024-03-05 08:33:48.000000,257,0.0,1.0
2024-03-05 08:33:48.000000,452,0.0,1.0
2024-03-05 08:33:48.000000,257,0.0,1.0
2024-03-05 08:33:48.000000,451,0.0,1.0
2024-03-05 08:33:48.000000,257,0.0,1.0
2024-03-05 08:33:48.000000,353,0.0,1.0
2024-03-05 08:33:48.000000,353,0.0,1.0
2024-03-05 08:33:48.000000,353,0.0,1.0
2024-03-05 08:33:48.000000,257,0.0,1.0
2024-03-05 08:33:48.000000,448,0.0,1.0
2024-03-05 08:33:48.000000,450,0.0,1.0
2024-03-05 08:33:48.000000,446,0.0,1.0
2024-03-05 08:33:48.000000,352,0.0,1.0
2024-03-05 08:33:48.000000,435,0.0,1.0
2024-03-05 08:33:48.000000,266,0.0,1.0
2024-03-05 08:33:50.000000,554,1.0,1.0
2024-03-05 08:33:50.000000,554,1.0,1.0
2024-03-05 08:33:50.000000,554,1.0,1.0
2024-03-05 08:33:50.000000,554,1.0,1.0
2024-03-05 08:33:50.000000,140,1.0,1.0
2024-03-05 08:33:50.000000,554,1.0,1.0
2024-03-05 08:33:50.000000,554,1.0,1.0
2024-03-05 08:33:50.000000,554,1.0,1.0
2024-03-05 08:33:50.000000,554,1.0,1.0
2024-03-05 08:33:50.000000,554,1.0,1.0
2024-03-05 08:33:50.000000,554,1.0,1.0
2024-03-05 08:33:58.000000,554,1.0,1.0
2024-03-05 08:33:58.000000,554,1.0,1.0
2024-03-05 08:33:58.000000,554,1.0,1.0
2024-03-05 08:33:58.000000,554,1.0,1.0
2024-03-05 08:33:58.000000,140,1.0,1.0
2024-03-05 08:33:58.000000,554,1.0,1.0
2024-03-05 08:33:58.000000,554,1.0,1.0
2024-03-05 08:33:58.000000,554,1.0,1.0
2024-03-05 08:33:58.000000,554,1.0,1.0
2024-03-05 08:33:58.000000,554,1.0,1.0
2024-03-05 08:33:58.000000,554,1.0,1.0
2024-03-05 08:34:05.000000,554,1.0,1.0
2024-03-05 08:34:05.000000,554,1.0,1.0
2024-03-05 08:34:05.000000,554,1.0,1.0
2024-03-05 08:34:05.000000,554,1.0,1.0
2024-03-05 08:34:05.000000,554,1.0,1.0
2024-03-05 08:34:05.000000,554,1.0,1.0
2024-03-05 08:34:05.000000,554,1.0,1.0
2024-03-05 08:34:05.000000,554,1.0,1.0
2024-03-05 08:34:05.000000,140,1.0,1.0
2024-03-05 08:34:05.000000,554,1.0,1.0
2024-03-05 08:34:05.000000,554,1.0,1.0
2024-03-05 08:34:12.000001,554,1.0,1.0
2024-03-05 08:34:13.000000,554,1.0,1.0
2024-03-05 08:34:13.000000,554,1.0,1.0
2024-03-05 08:34:13.000000,554,1.0,1.0
2024-03-05 08:34:13.000000,554,1.0,1.0
2024-03-05 08:34:13.000000,554,1.0,1.0
2024-03-05 08:34:13.000000,140,1.0,1.0
2024-03-05 08:34:13.000000,554,1.0,1.0
2024-03-05 08:34:13.000000,554,1.0,1.0
2024-03-05 08:34:13.000000,554,1.0,1.0
2024-03-05 08:34:13.000000,554,1.0,1.0
2024-03-05 08:34:19.000000,554,1.0,1.0
2024-03-05 08:34:19.000000,554,1.0,1.0
2024-03-05 08:34:19.000000,554,1.0,1.0
2024-03-05 08:34:19.000000,554,1.0,1.0
2024-03-05 08:34:19.000000,554,1.0,1.0
2024-03-05 08:34:19.000000,554,1.0,1.0
2024-03-05 08:34:19.000000,554,1.0,1.0
2024-03-05 08:34:19.000000,554,1.0,1.0
2024-03-05 08:34:19.000000,554,1.0,1.0
2024-03-05 08:34:19.000000,554,1.0,1.0
2024-03-05 08:34:19.000000,140,1.0,1.0
2024-03-05 08:34:20.000000,195,0.0,1.0
2024-03-05 08:34:20.000000,431,0.0,1.0
2024-03-05 08:34:20.000000,189,0.0,1.0
2024-03-05 08:34:20.000000,434,0.0,1.0
2024-03-05 08:34:20.000000,433,0.0,1.0
2024-03-05 08:34:20.000000,432,0.0,1.0
2024-03-05 08:34:20.000000,435,0.0,1.0
2024-03-05 08:34:20.000000,256,1.0,1.0
2024-03-05 08:34:20.000000,437,0.0,1.0
2024-03-05 08:34:20.000000,438,0.0,1.0
2024-03-05 08:34:20.000000,439,0.0,1.0
2024-03-05 08:34:20.000000,435,0.0,1.0
2024-03-05 08:34:20.000000,440,0.0,1.0
2024-03-05 08:34:20.000000,436,0.0,1.0
2024-03-05 08:34:20.000000,435,0.0,1.0
2024-03-05 08:34:20.000000,245,0.0,1.0
2024-03-05 08:34:20.000000,443,0.0,1.0
2024-03-05 08:34:20.000000,444,0.0,1.0
2024-03-05 08:34:20.000000,445,0.0,1.0
2024-03-05 08:34:20.000000,212,0.0,1.0
2024-03-05 08:34:20.000000,442,0.0,1.0
2024-03-05 08:34:21.000000,272,0.0,1.0
2024-03-05 08:34:21.000000,273,0.0,1.0
2024-03-05 08:34:21.000000,274,0.0,1.0
2024-03-05 08:34:21.000000,196,0.0,1.0
2024-03-05 08:34:21.000000,257,0.0,1.0
2024-03-05 08:34:25.000000,140,1.0,1.0
2024-03-05 08:34:25.000000,554,1.0,1.0
2024-03-05 08:34:25.000000,554,1.0,1.0
2024-03-05 08:34:25.000000,554,1.0,1.0
2024-03-05 08:34:25.000000,554,1.0,1.0
2024-03-05 08:34:25.000000,554,1.0,1.0
2024-03-05 08:34:25.000000,554,1.0,1.0
2024-03-05 08:34:25.000000,554,1.0,1.0
2024-03-05 08:34:25.000000,554,1.0,1.0
2024-03-05 08:34:25.000000,554,1.0,1.0
2024-03-05 08:34:25.000000,554,1.0,1.0
2024-03-05 08:34:31.000000,257,0.0,1.0
2024-03-05 08:34:31.000000,447,1.0,1.0
2024-03-05 08:34:31.000000,450,0.0,1.0
2024-03-05 08:34:31.000000,446,0.0,1.0
2024-03-05 08:34:31.000000,352,0.0,1.0
2024-03-05 08:34:31.000000,266,0.0,1.0
2024-03-05 08:34:31.000000,353,0.0,1.0
2024-03-05 08:34:31.000000,353,0.0,1.0
2024-03-05 08:34:31.000000,449,0.0,1.0
2024-03-05 08:34:31.000000,257,0.0,1.0
2024-03-05 08:34:31.000000,448,0.0,1.0
2024-03-05 08:34:31.000000,353,0.0,1.0
2024-03-05 08:34:31.000000,257,0.0,1.0
2024-03-05 08:34:31.000000,257,0.0,1.0
2024-03-05 08:34:31.000000,451,0.0,1.0
2024-03-05 08:34:31.000000,452,0.0,1.0
2024-03-05 08:34:31.000000,457,1.0,1.0
2024-03-05 08:34:31.000000,257,0.0,1.0
2024-03-05 08:34:31.000000,257,0.0,1.0
2024-03-05 08:34:31.000000,257,0.0,1.0
2024-03-05 08:34:31.000000,257,0.0,1.0
2024-03-05 08:34:31.000000,456,0.0,1.0
2024-03-05 08:34:31.000000,455,0.0,1.0
2024-03-05 08:34:31.000000,257,0.0,1.0
2024-03-05 08:34:31.000000,443,0.0,1.0
2024-03-05 08:34:31.000000,454,0.0,1.0
2024-03-05 08:34:31.000000,257,0.0,1.0
2024-03-05 08:34:31.000000,458,1.0,1.0
2024-03-05 08:34:31.000000,435,0.0,1.0
2024-03-05 08:34:31.000000,554,1.0,1.0
2024-03-05 08:34:31.000000,140,1.0,1.0
2024-03-05 08:34:31.000000,554,1.0,1.0
2024-03-05 08:34:31.000000,554,1.0,1.0
2024-03-05 08:34:31.000000,554,1.0,1.0
2024-03-05 08:34:31.000000,554,1.0,1.0
2024-03-05 08:34:31.000000,554,1.0,1.0
2024-03-05 08:34:31.000000,554,1.0,1.0
2024-03-05 08:34:31.000000,554,1.0,1.0
2024-03-05 08:34:31.000000,554,1.0,1.0
2024-03-05 08:34:31.000000,554,1.0,1.0
2024-03-05 08:34:40.000000,342,1.0,1.0
2024-03-05 08:34:40.000000,143,0.0,1.0
2024-03-05 08:34:40.000000,144,0.0,1.0
2024-03-05 08:34:40.000000,199,0.0,1.0
2024-03-05 08:34:40.000000,342,1.0,1.0
2024-03-05 08:34:40.000000,341,0.0,1.0
2024-03-05 08:34:48.000000,144,0.0,1.0
2024-03-05 08:34:48.000000,143,0.0,1.0
2024-03-05 08:34:48.000000,341,0.0,1.0
2024-03-05 08:34:56.000000,342,1.0,1.0
2024-03-05 08:34:56.000000,144,0.0,1.0
2024-03-05 08:34:56.000000,143,0.0,1.0
2024-03-05 08:34:56.000000,342,1.0,1.0
2024-03-05 08:34:56.000000,341,0.0,1.0
2024-03-05 08:35:05.000000,212,0.0,1.0
2024-03-05 08:35:05.000000,436,0.0,1.0
2024-03-05 08:35:05.000000,256,1.0,1.0
2024-03-05 08:35:05.000000,437,0.0,1.0
2024-03-05 08:35:05.000000,438,0.0,1.0
2024-03-05 08:35:05.000000,439,0.0,1.0
2024-03-05 08:35:05.000000,442,0.0,1.0
2024-03-05 08:35:05.000000,435,0.0,1.0
2024-03-05 08:35:05.000000,245,0.0,1.0
2024-03-05 08:35:05.000000,443,0.0,1.0
2024-03-05 08:35:05.000000,444,0.0,1.0
2024-03-05 08:35:05.000000,445,0.0,1.0
2024-03-05 08:35:05.000000,440,0.0,1.0
2024-03-05 08:35:05.000000,435,0.0,1.0
2024-03-05 08:35:05.000000,434,0.0,1.0
2024-03-05 08:35:05.000000,433,0.0,1.0
2024-03-05 08:35:05.000000,432,0.0,1.0
2024-03-05 08:35:05.000000,431,0.0,1.0
2024-03-05 08:35:05.000000,274,0.0,1.0
2024-03-05 08:35:05.000000,196,0.0,1.0
2024-03-05 08:35:05.000000,195,0.0,1.0
2024-03-05 08:35:05.000000,273,0.0,1.0
2024-03-05 08:35:05.000000,272,0.0,1.0
2024-03-05 08:35:05.000000,189,0.0,1.0
2024-03-05 08:35:05.000000,435,0.0,1.0
2024-03-05 08:35:05.000000,257,0.0,1.0
2025-01-01 12:12:12.000000,0,1.0,1.0
