timestamp,value,anomaly_score,label
2024-03-12 16:39:19.939665,226,0.0,0.0
2024-03-12 16:39:19.954879,177,0.0,0.0
2024-03-12 16:39:19.956782,645,0.0,0.0
2024-03-12 16:39:19.957227,228,0.0,0.0
2024-03-12 16:39:19.960204,229,0.0,0.0
2024-03-12 16:39:19.966114,313,0.0,0.0
2024-03-12 16:39:19.966155,314,0.0,0.0
2024-03-12 16:39:19.966158,314,0.0,0.0
2024-03-12 16:39:19.966366,178,0.0,0.0
2024-03-12 16:39:19.966453,179,0.0,0.0
2024-03-12 16:39:19.966517,230,0.0,0.0
2024-03-12 16:39:19.966584,179,0.0,0.0
2024-03-12 16:39:19.966632,181,0.0,0.0
2024-03-12 16:39:20.224164,130,0.0,0.0
2024-03-12 16:39:20.278363,655,0.0,0.0
2024-03-12 16:39:20.333543,656,0.0,0.0
2024-03-12 16:39:20.425600,655,0.0,0.0
2024-03-12 16:39:23.000713,657,0.0,0.0
2024-03-12 16:39:23.001060,657,0.0,0.0
2024-03-12 16:39:23.001192,657,0.0,0.0
2024-03-12 16:39:23.001339,657,0.0,0.0
2024-03-12 16:39:23.001460,657,0.0,0.0
2024-03-12 16:39:23.001782,657,0.0,0.0
2024-03-12 16:39:23.001925,657,0.0,0.0
2024-03-12 16:39:23.492848,658,1.0,0.0
2024-03-12 16:39:25.068724,172,0.0,0.0
2024-03-12 16:39:25.069413,203,0.0,0.0
2024-03-12 16:39:25.070173,197,0.0,0.0
2024-03-12 16:39:25.932885,659,0.0,0.0
2024-03-12 16:39:27.268263,185,0.0,0.0
2024-03-12 16:39:27.268441,185,0.0,0.0
2024-03-12 16:39:27.384151,186,0.0,0.0
2024-03-12 16:39:27.410700,660,0.0,0.0
2024-03-12 16:39:27.425493,661,0.0,0.0
2024-03-12 16:39:27.455416,187,1.0,0.0
2024-03-12 16:39:27.495690,323,0.0,0.0
2024-03-12 16:39:27.529170,215,0.0,0.0
2024-03-12 16:39:27.530778,131,1.0,0.0
2024-03-12 16:39:27.531414,259,0.0,0.0
2024-03-12 16:39:27.543612,206,0.0,0.0
2024-03-12 16:39:27.650052,132,0.0,0.0
2024-03-12 16:39:27.650196,207,0.0,0.0
2024-03-12 16:39:27.741600,260,0.0,0.0
2024-03-12 16:39:27.744239,662,1.0,0.0
2024-03-12 16:39:27.744391,265,0.0,0.0
2024-03-12 16:39:27.866766,297,0.0,0.0
2024-03-12 16:39:27.866886,298,1.0,0.0
2024-03-12 16:39:27.873148,299,1.0,0.0
2024-03-12 16:39:27.983982,300,0.0,0.0
2024-03-12 16:39:27.991071,301,0.0,0.0
2024-03-12 16:39:27.992395,302,0.0,0.0
2024-03-12 16:39:27.993127,661,0.0,0.0
2024-03-12 16:39:27.993507,663,0.0,0.0
2024-03-12 16:39:27.993760,664,0.0,0.0
2024-03-12 16:39:28.164721,665,1.0,0.0
2024-03-12 16:39:28.274684,666,0.0,0.0
2024-03-12 16:39:28.275694,261,0.0,0.0
2024-03-12 16:39:28.276029,245,0.0,0.0
2024-03-12 16:39:28.276400,245,0.0,0.0
2024-03-12 16:39:28.279412,667,0.0,0.0
2024-03-12 16:39:28.282250,668,0.0,0.0
2024-03-12 16:39:28.290552,661,0.0,0.0
2024-03-12 16:39:28.291133,669,0.0,0.0
2024-03-12 16:39:28.708383,665,0.0,0.0
2024-03-12 16:39:28.807568,670,1.0,0.0
2024-03-12 16:39:28.808749,671,1.0,0.0
2024-03-12 16:39:28.874257,672,1.0,0.0
2024-03-12 16:39:28.874714,245,0.0,0.0
2024-03-12 16:39:28.874866,673,1.0,0.0
2024-03-12 16:39:35.074924,341,0.0,0.0
2024-03-12 16:39:57.682745,661,0.0,0.0
2024-03-12 16:40:32.342752,660,0.0,0.0
2024-03-12 16:40:32.726724,676,0.0,0.0
2024-03-12 16:40:42.733516,677,0.0,0.0
2024-03-12 16:42:03.996045,384,0.0,0.0
2024-03-12 16:42:03.996536,463,0.0,0.0
2024-03-12 16:42:04.550276,587,0.0,0.0
2024-03-12 16:42:14.597258,588,0.0,0.0
2024-03-12 16:42:14.638995,589,0.0,0.0
2024-03-12 16:42:14.639419,674,1.0,0.0
2024-03-12 16:42:14.639680,590,0.0,0.0
2024-03-12 16:42:14.903035,661,0.0,0.0
2024-03-12 16:42:14.903747,675,0.0,0.0
2024-03-12 16:43:33.002771,660,0.0,0.0
2024-03-12 16:43:33.354705,676,0.0,0.0
2024-03-12 16:43:43.361388,677,0.0,0.0
2024-03-12 16:44:35.493725,172,0.0,0.0
2024-03-12 16:44:35.495203,197,0.0,0.0
2024-03-12 16:44:35.495737,203,0.0,0.0
2024-03-12 16:44:45.499969,341,0.0,0.0
2024-03-12 16:45:26.543220,384,0.0,0.0
2024-03-12 16:45:26.543651,463,0.0,0.0
2024-03-12 16:45:27.048190,587,0.0,0.0
2024-03-12 16:45:37.066925,588,0.0,0.0
2024-03-12 16:45:37.067252,589,0.0,0.0
2024-03-12 16:45:37.067389,590,0.0,0.0
2024-03-12 16:46:54.358762,660,0.0,0.0
2024-03-12 16:46:54.706734,676,0.0,0.0
2024-03-12 16:47:04.712412,677,0.0,0.0
2024-03-12 16:47:44.901446,384,0.0,0.0
2024-03-12 16:47:45.039088,89,0.0,0.0
2024-03-12 16:47:45.039098,440,0.0,0.0
2024-03-12 16:47:45.039108,439,0.0,0.0
2024-03-12 16:47:45.039118,195,0.0,0.0
2024-03-12 16:47:45.039128,438,0.0,0.0
2024-03-12 16:47:45.039138,431,0.0,0.0
2024-03-12 16:47:45.039148,432,0.0,0.0
2024-03-12 16:47:45.039158,433,0.0,0.0
2024-03-12 16:47:45.039168,434,0.0,0.0
2024-03-12 16:47:45.039178,435,0.0,0.0
2024-03-12 16:47:45.039188,435,0.0,0.0
2024-03-12 16:47:45.039198,436,0.0,0.0
2024-03-12 16:47:45.039208,256,0.0,0.0
2024-03-12 16:47:45.039218,437,0.0,0.0
2024-03-12 16:47:45.039228,272,0.0,0.0
2024-03-12 16:47:45.039238,442,0.0,0.0
2024-03-12 16:47:45.039248,435,0.0,0.0
2024-03-12 16:47:45.039258,245,0.0,0.0
2024-03-12 16:47:45.039268,443,0.0,0.0
2024-03-12 16:47:45.039278,444,0.0,0.0
2024-03-12 16:47:45.039288,445,0.0,0.0
2024-03-12 16:47:45.039298,257,0.0,0.0
2024-03-12 16:47:45.039308,273,0.0,0.0
2024-03-12 16:47:45.039318,196,0.0,0.0
2024-03-12 16:47:45.039328,274,0.0,0.0
2024-03-12 16:47:45.039338,212,0.0,0.0
2024-03-12 16:47:45.039348,456,0.0,0.0
2024-03-12 16:47:45.039358,257,0.0,0.0
2024-03-12 16:47:45.039368,257,0.0,0.0
2024-03-12 16:47:45.039378,457,0.0,0.0
2024-03-12 16:47:45.039388,458,0.0,0.0
2024-03-12 16:47:45.039398,450,0.0,0.0
2024-03-12 16:47:45.039408,455,0.0,0.0
2024-03-12 16:47:45.039418,257,0.0,0.0
2024-03-12 16:47:45.039428,257,0.0,0.0
2024-03-12 16:47:45.039438,352,0.0,0.0
2024-03-12 16:47:45.039448,443,0.0,0.0
2024-03-12 16:47:45.039458,448,0.0,0.0
2024-03-12 16:47:45.039468,257,0.0,0.0
2024-03-12 16:47:45.039478,449,0.0,0.0
2024-03-12 16:47:45.039488,257,0.0,0.0
2024-03-12 16:47:45.039498,257,0.0,0.0
2024-03-12 16:47:45.039508,454,0.0,0.0
2024-03-12 16:47:45.039518,257,0.0,0.0
2024-03-12 16:47:45.039528,353,0.0,0.0
2024-03-12 16:47:45.039538,257,0.0,0.0
2024-03-12 16:47:45.039548,353,0.0,0.0
2024-03-12 16:47:45.039558,266,0.0,0.0
2024-03-12 16:47:45.039568,446,0.0,0.0
2024-03-12 16:47:45.039578,435,0.0,0.0
2024-03-12 16:47:45.039588,452,0.0,0.0
2024-03-12 16:47:45.039598,257,0.0,0.0
2024-03-12 16:47:45.039608,451,0.0,0.0
2024-03-12 16:47:45.039618,353,0.0,0.0
2024-03-12 16:47:45.039628,447,0.0,0.0
2024-03-12 16:47:45.039638,445,0.0,0.0
2024-03-12 16:47:45.039648,212,0.0,0.0
2024-03-12 16:47:45.039658,195,0.0,0.0
2024-03-12 16:47:45.039668,444,0.0,0.0
2024-03-12 16:47:45.039678,189,0.0,0.0
2024-03-12 16:47:45.039688,443,0.0,0.0
2024-03-12 16:47:45.039698,435,0.0,0.0
2024-03-12 16:47:45.039708,435,0.0,0.0
2024-03-12 16:47:45.039718,435,0.0,0.0
2024-03-12 16:47:45.039728,245,0.0,0.0
2024-03-12 16:47:45.039738,437,0.0,0.0
2024-03-12 16:47:45.039748,439,0.0,0.0
2024-03-12 16:47:45.039758,434,0.0,0.0
2024-03-12 16:47:45.039768,433,0.0,0.0
2024-03-12 16:47:45.039778,432,0.0,0.0
2024-03-12 16:47:45.039788,431,0.0,0.0
2024-03-12 16:47:45.039798,273,0.0,0.0
2024-03-12 16:47:45.039808,272,0.0,0.0
2024-03-12 16:47:45.039818,438,0.0,0.0
2024-03-12 16:47:45.039828,440,0.0,0.0
2024-03-12 16:47:45.039838,442,0.0,0.0
2024-03-12 16:47:45.039848,436,0.0,0.0
2024-03-12 16:47:45.039858,256,0.0,0.0
2024-03-12 16:47:45.039868,196,0.0,0.0
2024-03-12 16:47:45.039878,257,0.0,0.0
2024-03-12 16:47:45.039888,274,0.0,0.0
2024-03-12 16:47:45.039898,458,0.0,0.0
2024-03-12 16:47:45.039908,457,0.0,0.0
2024-03-12 16:47:45.039918,257,0.0,0.0
2024-03-12 16:47:45.039928,257,0.0,0.0
2024-03-12 16:47:45.039938,456,0.0,0.0
2024-03-12 16:47:45.039948,455,0.0,0.0
2024-03-12 16:47:45.039958,443,0.0,0.0
2024-03-12 16:47:45.039968,454,0.0,0.0
2024-03-12 16:47:45.039978,446,0.0,0.0
2024-03-12 16:47:45.039988,352,0.0,0.0
2024-03-12 16:47:45.039998,266,0.0,0.0
2024-03-12 16:47:45.040008,353,0.0,0.0
2024-03-12 16:47:45.040018,353,0.0,0.0
2024-03-12 16:47:45.040028,353,0.0,0.0
2024-03-12 16:47:45.040038,257,0.0,0.0
2024-03-12 16:47:45.040048,257,0.0,0.0
2024-03-12 16:47:45.040058,257,0.0,0.0
2024-03-12 16:47:45.040068,448,0.0,0.0
2024-03-12 16:47:45.040078,449,0.0,0.0
2024-03-12 16:47:45.040088,257,0.0,0.0
2024-03-12 16:47:45.040098,450,0.0,0.0
2024-03-12 16:47:45.040108,257,0.0,0.0
2024-03-12 16:47:45.040118,451,0.0,0.0
2024-03-12 16:47:45.040128,257,0.0,0.0
2024-03-12 16:47:45.040138,452,0.0,0.0
2024-03-12 16:47:45.040148,435,0.0,0.0
2024-03-12 16:47:45.040158,257,0.0,0.0
2024-03-12 16:47:45.040168,257,0.0,0.0
2024-03-12 16:47:45.040178,447,0.0,0.0
2024-03-12 16:47:45.040188,192,0.0,0.0
2024-03-12 16:47:45.040198,287,0.0,0.0
2024-03-12 16:47:45.040208,193,0.0,0.0
2024-03-12 16:47:45.040218,192,0.0,0.0
2024-03-12 16:47:45.040228,193,0.0,0.0
2024-03-12 16:47:45.040238,287,0.0,0.0
2024-03-12 16:47:45.040248,445,0.0,0.0
2024-03-12 16:47:45.040258,440,0.0,0.0
2024-03-12 16:47:45.040268,257,0.0,0.0
2024-03-12 16:47:45.040278,212,0.0,0.0
2024-03-12 16:47:45.040288,444,0.0,0.0
2024-03-12 16:47:45.040298,443,0.0,0.0
2024-03-12 16:47:45.040308,245,0.0,0.0
2024-03-12 16:47:45.040318,272,0.0,0.0
2024-03-12 16:47:45.040328,435,0.0,0.0
2024-03-12 16:47:45.040338,432,0.0,0.0
2024-03-12 16:47:45.040348,433,0.0,0.0
2024-03-12 16:47:45.040358,434,0.0,0.0
2024-03-12 16:47:45.040368,435,0.0,0.0
2024-03-12 16:47:45.040378,435,0.0,0.0
2024-03-12 16:47:45.040388,436,0.0,0.0
2024-03-12 16:47:45.040398,256,0.0,0.0
2024-03-12 16:47:45.040408,437,0.0,0.0
2024-03-12 16:47:45.040418,438,0.0,0.0
2024-03-12 16:47:45.040428,439,0.0,0.0
2024-03-12 16:47:45.040438,431,0.0,0.0
2024-03-12 16:47:45.040448,273,0.0,0.0
2024-03-12 16:47:45.040458,189,0.0,0.0
2024-03-12 16:47:45.040468,442,0.0,0.0
2024-03-12 16:47:45.040478,274,0.0,0.0
2024-03-12 16:47:45.040488,196,0.0,0.0
2024-03-12 16:47:45.040498,195,0.0,0.0
2024-03-12 16:47:45.040508,458,0.0,0.0
2024-03-12 16:47:45.040518,457,0.0,0.0
2024-03-12 16:47:45.040528,257,0.0,0.0
2024-03-12 16:47:45.040538,456,0.0,0.0
2024-03-12 16:47:45.040548,455,0.0,0.0
2024-03-12 16:47:45.040558,257,0.0,0.0
2024-03-12 16:47:45.040568,443,0.0,0.0
2024-03-12 16:47:45.040578,454,0.0,0.0
2024-03-12 16:47:45.040588,257,0.0,0.0
2024-03-12 16:47:45.040598,435,0.0,0.0
2024-03-12 16:47:45.040608,452,0.0,0.0
2024-03-12 16:47:45.040618,257,0.0,0.0
2024-03-12 16:47:45.040628,257,0.0,0.0
2024-03-12 16:47:45.040638,450,0.0,0.0
2024-03-12 16:47:45.040648,446,0.0,0.0
2024-03-12 16:47:45.040658,352,0.0,0.0
2024-03-12 16:47:45.040668,266,0.0,0.0
2024-03-12 16:47:45.040678,353,0.0,0.0
2024-03-12 16:47:45.040688,353,0.0,0.0
2024-03-12 16:47:45.040698,257,0.0,0.0
2024-03-12 16:47:45.040708,353,0.0,0.0
2024-03-12 16:47:45.040718,449,0.0,0.0
2024-03-12 16:47:45.040728,257,0.0,0.0
2024-03-12 16:47:45.040738,448,0.0,0.0
2024-03-12 16:47:45.040748,257,0.0,0.0
2024-03-12 16:47:45.040758,447,0.0,0.0
2024-03-12 16:47:45.040768,451,0.0,0.0
2024-03-12 16:47:45.040778,257,0.0,0.0
2024-03-12 16:47:45.040788,257,0.0,0.0
2024-03-12 16:47:45.040798,144,0.0,0.0
2024-03-12 16:47:45.040808,145,0.0,0.0
2024-03-12 16:47:45.040818,143,0.0,0.0
2024-03-12 16:47:45.040828,200,0.0,0.0
2024-03-12 16:47:45.040838,197,0.0,0.0
2024-03-12 16:47:45.040848,143,0.0,0.0
2024-03-12 16:47:45.040858,143,0.0,0.0
2024-03-12 16:47:45.040868,143,0.0,0.0
2024-03-12 16:47:45.040878,200,0.0,0.0
2024-03-12 16:47:45.040888,192,0.0,0.0
2024-03-12 16:47:45.040898,193,0.0,0.0
2024-03-12 16:47:45.040908,287,0.0,0.0
2024-03-12 16:47:45.040918,189,0.0,0.0
2024-03-12 16:47:45.040928,431,0.0,0.0
2024-03-12 16:47:45.040938,432,0.0,0.0
2024-03-12 16:47:45.040948,433,0.0,0.0
2024-03-12 16:47:45.040958,435,0.0,0.0
2024-03-12 16:47:45.040968,434,0.0,0.0
2024-03-12 16:47:45.040978,435,0.0,0.0
2024-03-12 16:47:45.040988,436,0.0,0.0
2024-03-12 16:47:45.040998,195,0.0,0.0
2024-03-12 16:47:45.041008,437,0.0,0.0
2024-03-12 16:47:45.041018,438,0.0,0.0
2024-03-12 16:47:45.041028,439,0.0,0.0
2024-03-12 16:47:45.041038,440,0.0,0.0
2024-03-12 16:47:45.041048,196,0.0,0.0
2024-03-12 16:47:45.041058,274,0.0,0.0
2024-03-12 16:47:45.041068,212,0.0,0.0
2024-03-12 16:47:45.041078,445,0.0,0.0
2024-03-12 16:47:45.041088,444,0.0,0.0
2024-03-12 16:47:45.041098,443,0.0,0.0
2024-03-12 16:47:45.041108,245,0.0,0.0
2024-03-12 16:47:45.041118,256,0.0,0.0
2024-03-12 16:47:45.041128,257,0.0,0.0
2024-03-12 16:47:45.041138,442,0.0,0.0
2024-03-12 16:47:45.041148,435,0.0,0.0
2024-03-12 16:47:45.041158,272,0.0,0.0
2024-03-12 16:47:45.041168,273,0.0,0.0
2024-03-12 16:47:45.041178,353,0.0,0.0
2024-03-12 16:47:45.041188,353,0.0,0.0
2024-03-12 16:47:45.041198,353,0.0,0.0
2024-03-12 16:47:45.041208,257,0.0,0.0
2024-03-12 16:47:45.041218,447,0.0,0.0
2024-03-12 16:47:45.041228,257,0.0,0.0
2024-03-12 16:47:45.041238,448,0.0,0.0
2024-03-12 16:47:45.041248,257,0.0,0.0
2024-03-12 16:47:45.041258,458,0.0,0.0
2024-03-12 16:47:45.041268,457,0.0,0.0
2024-03-12 16:47:45.041278,257,0.0,0.0
2024-03-12 16:47:45.041288,454,0.0,0.0
2024-03-12 16:47:45.041298,449,0.0,0.0
2024-03-12 16:47:45.041308,257,0.0,0.0
2024-03-12 16:47:45.041318,450,0.0,0.0
2024-03-12 16:47:45.041328,257,0.0,0.0
2024-03-12 16:47:45.041338,451,0.0,0.0
2024-03-12 16:47:45.041348,257,0.0,0.0
2024-03-12 16:47:45.041358,452,0.0,0.0
2024-03-12 16:47:45.041368,266,0.0,0.0
2024-03-12 16:47:45.041378,352,0.0,0.0
2024-03-12 16:47:45.041388,446,0.0,0.0
2024-03-12 16:47:45.041398,435,0.0,0.0
2024-03-12 16:47:45.041408,257,0.0,0.0
2024-03-12 16:47:45.041418,455,0.0,0.0
2024-03-12 16:47:45.041428,257,0.0,0.0
2024-03-12 16:47:45.041438,443,0.0,0.0
2024-03-12 16:47:45.041448,257,0.0,0.0
2024-03-12 16:47:45.041458,456,0.0,0.0
2024-03-12 16:47:45.041468,212,0.0,0.0
2024-03-12 16:47:45.041478,443,0.0,0.0
2024-03-12 16:47:45.041488,245,0.0,0.0
2024-03-12 16:47:45.041498,435,0.0,0.0
2024-03-12 16:47:45.041508,442,0.0,0.0
2024-03-12 16:47:45.041518,440,0.0,0.0
2024-03-12 16:47:45.041528,439,0.0,0.0
2024-03-12 16:47:45.041538,438,0.0,0.0
2024-03-12 16:47:45.041548,437,0.0,0.0
2024-03-12 16:47:45.041558,256,0.0,0.0
2024-03-12 16:47:45.041568,436,0.0,0.0
2024-03-12 16:47:45.041578,435,0.0,0.0
2024-03-12 16:47:45.041588,435,0.0,0.0
2024-03-12 16:47:45.041598,431,0.0,0.0
2024-03-12 16:47:45.041608,432,0.0,0.0
2024-03-12 16:47:45.041618,433,0.0,0.0
2024-03-12 16:47:45.041628,189,0.0,0.0
2024-03-12 16:47:45.041638,445,0.0,0.0
2024-03-12 16:47:45.041648,195,0.0,0.0
2024-03-12 16:47:45.041658,444,0.0,0.0
2024-03-12 16:47:45.041668,434,0.0,0.0
2024-03-12 16:47:45.041678,274,0.0,0.0
2024-03-12 16:47:45.041688,196,0.0,0.0
2024-03-12 16:47:45.041698,272,0.0,0.0
2024-03-12 16:47:45.041708,273,0.0,0.0
2024-03-12 16:47:45.041718,257,0.0,0.0
2024-03-12 16:47:45.041728,257,0.0,0.0
2024-03-12 16:47:45.041738,446,0.0,0.0
2024-03-12 16:47:45.041748,352,0.0,0.0
2024-03-12 16:47:45.041758,266,0.0,0.0
2024-03-12 16:47:45.041768,353,0.0,0.0
2024-03-12 16:47:45.041778,257,0.0,0.0
2024-03-12 16:47:45.041788,447,0.0,0.0
2024-03-12 16:47:45.041798,257,0.0,0.0
2024-03-12 16:47:45.041808,448,0.0,0.0
2024-03-12 16:47:45.041818,353,0.0,0.0
2024-03-12 16:47:45.041828,353,0.0,0.0
2024-03-12 16:47:45.041838,450,0.0,0.0
2024-03-12 16:47:45.041848,257,0.0,0.0
2024-03-12 16:47:45.041858,456,0.0,0.0
2024-03-12 16:47:45.041868,443,0.0,0.0
2024-03-12 16:47:45.041878,257,0.0,0.0
2024-03-12 16:47:45.041888,457,0.0,0.0
2024-03-12 16:47:45.041898,458,0.0,0.0
2024-03-12 16:47:45.041908,454,0.0,0.0
2024-03-12 16:47:45.041918,455,0.0,0.0
2024-03-12 16:47:45.041928,257,0.0,0.0
2024-03-12 16:47:45.041938,452,0.0,0.0
2024-03-12 16:47:45.041948,257,0.0,0.0
2024-03-12 16:47:45.041958,451,0.0,0.0
2024-03-12 16:47:45.041968,449,0.0,0.0
2024-03-12 16:47:45.041978,257,0.0,0.0
2024-03-12 16:47:45.041988,257,0.0,0.0
2024-03-12 16:47:45.041998,435,0.0,0.0
2024-03-12 16:47:45.042008,257,0.0,0.0
2024-03-12 16:47:45.042018,256,0.0,0.0
2024-03-12 16:47:45.042028,431,0.0,0.0
2024-03-12 16:47:45.042038,432,0.0,0.0
2024-03-12 16:47:45.042048,433,0.0,0.0
2024-03-12 16:47:45.042058,434,0.0,0.0
2024-03-12 16:47:45.042068,435,0.0,0.0
2024-03-12 16:47:45.042078,435,0.0,0.0
2024-03-12 16:47:45.042088,437,0.0,0.0
2024-03-12 16:47:45.042098,436,0.0,0.0
2024-03-12 16:47:45.042108,438,0.0,0.0
2024-03-12 16:47:45.042118,435,0.0,0.0
2024-03-12 16:47:45.042128,195,0.0,0.0
2024-03-12 16:47:45.042138,440,0.0,0.0
2024-03-12 16:47:45.042148,442,0.0,0.0
2024-03-12 16:47:45.042158,274,0.0,0.0
2024-03-12 16:47:45.042168,245,0.0,0.0
2024-03-12 16:47:45.042178,443,0.0,0.0
2024-03-12 16:47:45.042188,444,0.0,0.0
2024-03-12 16:47:45.042198,445,0.0,0.0
2024-03-12 16:47:45.042208,212,0.0,0.0
2024-03-12 16:47:45.042218,257,0.0,0.0
2024-03-12 16:47:45.042228,196,0.0,0.0
2024-03-12 16:47:45.042238,189,0.0,0.0
2024-03-12 16:47:45.042248,272,0.0,0.0
2024-03-12 16:47:45.042258,439,0.0,0.0
2024-03-12 16:47:45.042268,273,0.0,0.0
2024-03-12 16:47:45.042278,257,0.0,0.0
2024-03-12 16:47:45.042288,448,0.0,0.0
2024-03-12 16:47:45.042298,257,0.0,0.0
2024-03-12 16:47:45.042308,449,0.0,0.0
2024-03-12 16:47:45.042318,257,0.0,0.0
2024-03-12 16:47:45.042328,450,0.0,0.0
2024-03-12 16:47:45.042338,257,0.0,0.0
2024-03-12 16:47:45.042348,257,0.0,0.0
2024-03-12 16:47:45.042358,452,0.0,0.0
2024-03-12 16:47:45.042368,435,0.0,0.0
2024-03-12 16:47:45.042378,443,0.0,0.0
2024-03-12 16:47:45.042388,454,0.0,0.0
2024-03-12 16:47:45.042398,257,0.0,0.0
2024-03-12 16:47:45.042408,257,0.0,0.0
2024-03-12 16:47:45.042418,451,0.0,0.0
2024-03-12 16:47:45.042428,447,0.0,0.0
2024-03-12 16:47:45.042438,455,0.0,0.0
2024-03-12 16:47:45.042448,353,0.0,0.0
2024-03-12 16:47:45.042458,353,0.0,0.0
2024-03-12 16:47:45.042468,353,0.0,0.0
2024-03-12 16:47:45.042478,446,0.0,0.0
2024-03-12 16:47:45.042488,352,0.0,0.0
2024-03-12 16:47:45.042498,266,0.0,0.0
2024-03-12 16:47:45.042508,257,0.0,0.0
2024-03-12 16:47:45.042518,456,0.0,0.0
2024-03-12 16:47:45.042528,257,0.0,0.0
2024-03-12 16:47:45.042538,257,0.0,0.0
2024-03-12 16:47:45.042548,458,0.0,0.0
2024-03-12 16:47:45.042558,457,0.0,0.0
2024-03-12 16:47:45.042568,192,0.0,0.0
2024-03-12 16:47:45.042578,193,0.0,0.0
2024-03-12 16:47:45.042588,287,0.0,0.0
2024-03-12 16:47:45.042598,189,0.0,0.0
2024-03-12 16:47:45.042608,272,0.0,0.0
2024-03-12 16:47:45.042618,273,0.0,0.0
2024-03-12 16:47:45.042628,195,0.0,0.0
2024-03-12 16:47:45.042638,274,0.0,0.0
2024-03-12 16:47:45.042648,257,0.0,0.0
2024-03-12 16:47:45.042658,212,0.0,0.0
2024-03-12 16:47:45.042668,445,0.0,0.0
2024-03-12 16:47:45.042678,444,0.0,0.0
2024-03-12 16:47:45.042688,443,0.0,0.0
2024-03-12 16:47:45.042698,245,0.0,0.0
2024-03-12 16:47:45.042708,435,0.0,0.0
2024-03-12 16:47:45.042718,442,0.0,0.0
2024-03-12 16:47:45.042728,439,0.0,0.0
2024-03-12 16:47:45.042738,438,0.0,0.0
2024-03-12 16:47:45.042748,440,0.0,0.0
2024-03-12 16:47:45.042758,256,0.0,0.0
2024-03-12 16:47:45.042768,436,0.0,0.0
2024-03-12 16:47:45.042778,435,0.0,0.0
2024-03-12 16:47:45.042788,435,0.0,0.0
2024-03-12 16:47:45.042798,434,0.0,0.0
2024-03-12 16:47:45.042808,433,0.0,0.0
2024-03-12 16:47:45.042818,432,0.0,0.0
2024-03-12 16:47:45.042828,431,0.0,0.0
2024-03-12 16:47:45.042838,437,0.0,0.0
2024-03-12 16:47:45.042848,196,0.0,0.0
2024-03-12 16:47:45.042858,353,0.0,0.0
2024-03-12 16:47:45.042868,446,0.0,0.0
2024-03-12 16:47:45.042878,352,0.0,0.0
2024-03-12 16:47:45.042888,266,0.0,0.0
2024-03-12 16:47:45.042898,353,0.0,0.0
2024-03-12 16:47:45.042908,451,0.0,0.0
2024-03-12 16:47:45.042918,257,0.0,0.0
2024-03-12 16:47:45.042928,456,0.0,0.0
2024-03-12 16:47:45.042938,257,0.0,0.0
2024-03-12 16:47:45.042948,443,0.0,0.0
2024-03-12 16:47:45.042958,457,0.0,0.0
2024-03-12 16:47:45.042968,458,0.0,0.0
2024-03-12 16:47:45.042978,447,0.0,0.0
2024-03-12 16:47:45.042988,257,0.0,0.0
2024-03-12 16:47:45.042998,353,0.0,0.0
2024-03-12 16:47:45.043008,454,0.0,0.0
2024-03-12 16:47:45.043018,257,0.0,0.0
2024-03-12 16:47:45.043028,455,0.0,0.0
2024-03-12 16:47:45.043038,435,0.0,0.0
2024-03-12 16:47:45.043048,257,0.0,0.0
2024-03-12 16:47:45.043058,257,0.0,0.0
2024-03-12 16:47:45.043068,257,0.0,0.0
2024-03-12 16:47:45.043078,450,0.0,0.0
2024-03-12 16:47:45.043088,257,0.0,0.0
2024-03-12 16:47:45.043098,448,0.0,0.0
2024-03-12 16:47:45.043108,257,0.0,0.0
2024-03-12 16:47:45.043118,449,0.0,0.0
2024-03-12 16:47:45.043128,452,0.0,0.0
2024-03-12 16:47:45.043138,257,0.0,0.0
2024-03-12 16:47:45.043148,445,0.0,0.0
2024-03-12 16:47:45.043158,212,0.0,0.0
2024-03-12 16:47:45.043168,435,0.0,0.0
2024-03-12 16:47:45.043178,431,0.0,0.0
2024-03-12 16:47:45.043188,432,0.0,0.0
2024-03-12 16:47:45.043198,433,0.0,0.0
2024-03-12 16:47:45.043208,444,0.0,0.0
2024-03-12 16:47:45.043218,245,0.0,0.0
2024-03-12 16:47:45.043228,435,0.0,0.0
2024-03-12 16:47:45.043238,442,0.0,0.0
2024-03-12 16:47:45.043248,440,0.0,0.0
2024-03-12 16:47:45.043258,434,0.0,0.0
2024-03-12 16:47:45.043268,438,0.0,0.0
2024-03-12 16:47:45.043278,437,0.0,0.0
2024-03-12 16:47:45.043288,256,0.0,0.0
2024-03-12 16:47:45.043298,436,0.0,0.0
2024-03-12 16:47:45.043308,435,0.0,0.0
2024-03-12 16:47:45.043318,439,0.0,0.0
2024-03-12 16:47:45.043328,443,0.0,0.0
2024-03-12 16:47:45.043338,189,0.0,0.0
2024-03-12 16:47:45.043348,195,0.0,0.0
2024-03-12 16:47:45.043358,196,0.0,0.0
2024-03-12 16:47:45.043368,257,0.0,0.0
2024-03-12 16:47:45.043378,273,0.0,0.0
2024-03-12 16:47:45.043388,272,0.0,0.0
2024-03-12 16:47:45.043398,274,0.0,0.0
2024-03-12 16:47:45.043408,455,0.0,0.0
2024-03-12 16:47:45.043418,456,0.0,0.0
2024-03-12 16:47:45.043428,257,0.0,0.0
2024-03-12 16:47:45.043438,257,0.0,0.0
2024-03-12 16:47:45.043448,257,0.0,0.0
2024-03-12 16:47:45.043458,458,0.0,0.0
2024-03-12 16:47:45.043468,257,0.0,0.0
2024-03-12 16:47:45.043478,450,0.0,0.0
2024-03-12 16:47:45.043488,457,0.0,0.0
2024-03-12 16:47:45.043498,443,0.0,0.0
2024-03-12 16:47:45.043508,451,0.0,0.0
2024-03-12 16:47:45.043518,257,0.0,0.0
2024-03-12 16:47:45.043528,353,0.0,0.0
2024-03-12 16:47:45.043538,353,0.0,0.0
2024-03-12 16:47:45.043548,266,0.0,0.0
2024-03-12 16:47:45.043558,352,0.0,0.0
2024-03-12 16:47:45.043568,257,0.0,0.0
2024-03-12 16:47:45.043578,447,0.0,0.0
2024-03-12 16:47:45.043588,257,0.0,0.0
2024-03-12 16:47:45.043598,353,0.0,0.0
2024-03-12 16:47:45.043608,454,0.0,0.0
2024-03-12 16:47:45.043618,448,0.0,0.0
2024-03-12 16:47:45.043628,257,0.0,0.0
2024-03-12 16:47:45.043638,449,0.0,0.0
2024-03-12 16:47:45.043648,257,0.0,0.0
2024-03-12 16:47:45.043658,257,0.0,0.0
2024-03-12 16:47:45.043668,452,0.0,0.0
2024-03-12 16:47:45.043678,435,0.0,0.0
2024-03-12 16:47:45.043688,446,0.0,0.0
2024-03-12 16:47:45.043698,196,0.0,0.0
2024-03-12 16:47:45.043708,274,0.0,0.0
2024-03-12 16:47:45.043718,189,0.0,0.0
2024-03-12 16:47:45.043728,272,0.0,0.0
2024-03-12 16:47:45.043738,273,0.0,0.0
2024-03-12 16:47:45.043748,257,0.0,0.0
2024-03-12 16:47:45.043758,212,0.0,0.0
2024-03-12 16:47:45.043768,195,0.0,0.0
2024-03-12 16:47:45.043778,444,0.0,0.0
2024-03-12 16:47:45.043788,443,0.0,0.0
2024-03-12 16:47:45.043798,245,0.0,0.0
2024-03-12 16:47:45.043808,435,0.0,0.0
2024-03-12 16:47:45.043818,442,0.0,0.0
2024-03-12 16:47:45.043828,440,0.0,0.0
2024-03-12 16:47:45.043838,439,0.0,0.0
2024-03-12 16:47:45.043848,432,0.0,0.0
2024-03-12 16:47:45.043858,433,0.0,0.0
2024-03-12 16:47:45.043868,434,0.0,0.0
2024-03-12 16:47:45.043878,435,0.0,0.0
2024-03-12 16:47:45.043888,445,0.0,0.0
2024-03-12 16:47:45.043898,435,0.0,0.0
2024-03-12 16:47:45.043908,436,0.0,0.0
2024-03-12 16:47:45.043918,438,0.0,0.0
2024-03-12 16:47:45.043928,431,0.0,0.0
2024-03-12 16:47:45.043938,437,0.0,0.0
2024-03-12 16:47:45.043948,256,0.0,0.0
2024-03-12 16:47:45.043958,435,0.0,0.0
2024-03-12 16:47:45.043968,257,0.0,0.0
2024-03-12 16:47:45.043978,450,0.0,0.0
2024-03-12 16:47:45.043988,451,0.0,0.0
2024-03-12 16:47:45.043998,257,0.0,0.0
2024-03-12 16:47:45.044008,449,0.0,0.0
2024-03-12 16:47:45.044018,257,0.0,0.0
2024-03-12 16:47:45.044028,257,0.0,0.0
2024-03-12 16:47:45.044038,448,0.0,0.0
2024-03-12 16:47:45.044048,257,0.0,0.0
2024-03-12 16:47:45.044058,447,0.0,0.0
2024-03-12 16:47:45.044068,257,0.0,0.0
2024-03-12 16:47:45.044078,353,0.0,0.0
2024-03-12 16:47:45.044088,353,0.0,0.0
2024-03-12 16:47:45.044098,353,0.0,0.0
2024-03-12 16:47:45.044108,352,0.0,0.0
2024-03-12 16:47:45.044118,257,0.0,0.0
2024-03-12 16:47:45.044128,454,0.0,0.0
2024-03-12 16:47:45.044138,443,0.0,0.0
2024-03-12 16:47:45.044148,257,0.0,0.0
2024-03-12 16:47:45.044158,455,0.0,0.0
2024-03-12 16:47:45.044168,456,0.0,0.0
2024-03-12 16:47:45.044178,266,0.0,0.0
2024-03-12 16:47:45.044188,452,0.0,0.0
2024-03-12 16:47:45.044198,257,0.0,0.0
2024-03-12 16:47:45.044208,457,0.0,0.0
2024-03-12 16:47:45.044218,458,0.0,0.0
2024-03-12 16:47:45.044228,446,0.0,0.0
2024-03-12 16:47:45.044238,257,0.0,0.0
2024-03-12 16:47:45.044248,445,0.0,0.0
2024-03-12 16:47:45.044258,189,0.0,0.0
2024-03-12 16:47:45.044268,195,0.0,0.0
2024-03-12 16:47:45.044278,212,0.0,0.0
2024-03-12 16:47:45.044288,440,0.0,0.0
2024-03-12 16:47:45.044298,434,0.0,0.0
2024-03-12 16:47:45.044308,437,0.0,0.0
2024-03-12 16:47:45.044318,438,0.0,0.0
2024-03-12 16:47:45.044328,435,0.0,0.0
2024-03-12 16:47:45.044338,435,0.0,0.0
2024-03-12 16:47:45.044348,439,0.0,0.0
2024-03-12 16:47:45.044358,256,0.0,0.0
2024-03-12 16:47:45.044368,433,0.0,0.0
2024-03-12 16:47:45.044378,432,0.0,0.0
2024-03-12 16:47:45.044388,436,0.0,0.0
2024-03-12 16:47:45.044398,442,0.0,0.0
2024-03-12 16:47:45.044408,435,0.0,0.0
2024-03-12 16:47:45.044418,245,0.0,0.0
2024-03-12 16:47:45.044428,443,0.0,0.0
2024-03-12 16:47:45.044438,444,0.0,0.0
2024-03-12 16:47:45.044448,431,0.0,0.0
2024-03-12 16:47:45.044458,274,0.0,0.0
2024-03-12 16:47:45.044468,273,0.0,0.0
2024-03-12 16:47:45.044478,272,0.0,0.0
2024-03-12 16:47:45.044488,257,0.0,0.0
2024-03-12 16:47:45.044498,196,0.0,0.0
2024-03-12 16:47:45.044498,463,0.0,0.0
2024-03-12 16:47:45.441371,587,0.0,0.0
2024-03-12 16:47:55.459708,588,0.0,0.0
2024-03-12 16:47:55.460131,589,0.0,0.0
2024-03-12 16:47:55.460289,590,0.0,0.0
2024-03-12 16:49:15.749281,384,0.0,0.0
2024-03-12 16:49:15.749585,463,0.0,0.0
2024-03-12 16:49:16.245183,587,0.0,0.0
2024-03-12 16:49:26.263553,588,0.0,0.0
2024-03-12 16:49:26.264123,589,0.0,0.0
2024-03-12 16:49:26.264238,590,0.0,0.0
2024-03-12 16:50:03.536290,384,0.0,0.0
2024-03-12 16:50:03.536678,463,0.0,0.0
2024-03-12 16:50:04.013202,587,0.0,0.0
2024-03-12 16:50:14.031298,588,0.0,0.0
2024-03-12 16:50:14.031714,589,0.0,0.0
2024-03-12 16:50:14.031860,590,0.0,0.0
2024-03-12 16:51:37.312158,172,0.0,0.0
2024-03-12 16:51:37.313401,197,0.0,0.0
2024-03-12 16:51:37.313873,203,0.0,0.0
2024-03-12 16:51:47.318500,341,0.0,0.0
2024-03-12 16:51:57.633261,209,0.0,0.0
2024-03-12 16:51:57.780442,661,0.0,0.0
2024-03-12 16:51:57.781130,211,0.0,0.0
2024-03-12 16:52:26.378772,660,0.0,0.0
2024-03-12 16:52:26.702698,676,0.0,0.0
2024-03-12 16:52:36.708285,677,0.0,0.0
2024-03-12 16:53:30.861311,384,0.0,0.0
2024-03-12 16:53:30.996774,463,0.0,0.0
2024-03-12 16:53:31.372984,587,0.0,0.0
2024-03-12 16:53:41.391606,588,0.0,0.0
2024-03-12 16:53:41.392250,589,0.0,0.0
2024-03-12 16:53:41.392372,590,0.0,0.0
2024-03-12 16:55:10.690747,660,0.0,0.0
2024-03-12 16:55:11.034685,676,0.0,0.0
2024-03-12 16:55:21.040417,677,0.0,0.0
2024-03-12 16:56:15.258749,660,0.0,0.0
2024-03-12 16:56:15.574727,676,0.0,0.0
2024-03-12 16:57:45.822749,660,0.0,0.0
2024-03-12 16:57:46.202716,676,0.0,0.0
2024-03-12 16:57:56.209159,714,1.0,0.0
2024-03-12 16:58:50.342204,172,0.0,0.0
2024-03-12 16:58:50.455064,203,0.0,0.0
2024-03-12 16:58:50.455517,197,0.0,0.0
2024-03-12 16:59:00.348594,341,0.0,0.0
2024-03-12 16:59:30.042119,172,0.0,0.0
2024-03-12 16:59:30.043317,203,0.0,0.0
2024-03-12 16:59:30.045246,197,0.0,0.0
2024-03-12 16:59:30.046704,143,0.0,0.0
2024-03-12 16:59:30.046717,143,0.0,0.0
2024-03-12 16:59:30.046719,144,0.0,0.0
2024-03-12 16:59:30.448177,198,0.0,0.0
2024-03-12 16:59:30.450693,145,0.0,0.0
2024-03-12 16:59:30.450703,143,0.0,0.0
2024-03-12 16:59:30.450705,143,0.0,0.0
2024-03-12 16:59:31.951327,198,0.0,0.0
2024-03-12 16:59:35.063747,172,0.0,0.0
2024-03-12 16:59:35.064485,203,0.0,0.0
2024-03-12 16:59:35.066389,197,0.0,0.0
2024-03-12 16:59:35.066721,143,0.0,0.0
2024-03-12 16:59:35.066737,143,0.0,0.0
2024-03-12 16:59:35.066740,144,0.0,0.0
2024-03-12 16:59:35.186429,200,0.0,0.0
2024-03-12 16:59:35.186749,145,0.0,0.0
2024-03-12 16:59:35.186760,143,0.0,0.0
2024-03-12 16:59:35.186762,143,0.0,0.0
2024-03-12 16:59:36.623293,200,0.0,0.0
2024-03-12 16:59:40.111144,172,0.0,0.0
2024-03-12 16:59:40.111877,203,0.0,0.0
2024-03-12 16:59:40.114720,197,0.0,0.0
2024-03-12 16:59:40.114731,143,0.0,0.0
2024-03-12 16:59:40.114746,143,0.0,0.0
2024-03-12 16:59:40.114748,144,0.0,0.0
2024-03-12 16:59:40.146718,145,0.0,0.0
2024-03-12 16:59:40.146743,143,0.0,0.0
2024-03-12 16:59:40.146744,143,0.0,0.0
2024-03-12 16:59:40.147576,201,0.0,0.0
2024-03-12 16:59:41.615211,201,0.0,0.0
2024-03-12 17:00:02.422728,660,0.0,1.0
2024-03-12 17:00:02.431728,560,0.0,1.0
2024-03-12 17:00:02.432728,561,1.0,1.0
2024-03-12 17:00:02.433728,562,0.0,1.0
2024-03-12 17:00:02.434728,563,1.0,1.0
2024-03-12 17:00:02.435728,311,1.0,1.0
2024-03-12 17:00:02.436728,405,1.0,1.0
2024-03-12 17:00:02.437728,405,1.0,1.0
2024-03-12 17:00:02.438728,311,1.0,1.0
2024-03-12 17:00:02.439728,564,1.0,1.0
2024-03-12 17:00:02.440728,390,1.0,1.0
2024-03-12 17:00:02.441728,564,1.0,1.0
2024-03-12 17:00:02.442728,388,0.0,1.0
2024-03-12 17:00:02.443728,565,1.0,1.0
2024-03-12 17:00:02.444728,566,1.0,1.0
2024-03-12 17:00:02.445728,388,0.0,1.0
2024-03-12 17:00:02.446728,311,0.0,1.0
2024-03-12 17:00:02.447728,388,1.0,1.0
2024-03-12 17:00:02.448728,388,1.0,1.0
2024-03-12 17:00:02.449728,398,0.0,1.0
2024-03-12 17:00:02.450728,311,0.0,1.0
2024-03-12 17:00:02.451728,567,1.0,1.0
2024-03-12 17:00:02.452728,400,1.0,1.0
2024-03-12 17:00:02.453728,401,1.0,1.0
2024-03-12 17:00:02.454728,402,1.0,1.0
2024-03-12 17:00:02.455728,403,1.0,1.0
2024-03-12 17:00:02.456728,404,1.0,1.0
2024-03-12 17:00:02.457728,568,0.0,1.0
2024-03-12 17:00:02.710726,676,0.0,1.0
2024-03-12 17:00:12.716124,677,0.0,1.0
2024-03-12 17:00:57.038772,660,0.0,1.0
2024-03-12 17:00:57.310715,676,0.0,1.0
2024-03-12 17:01:07.316648,677,0.0,1.0
2024-03-12 17:02:23.450854,384,0.0,1.0
2024-03-12 17:02:23.451132,463,0.0,1.0
2024-03-12 17:02:23.458854,426,1.0,1.0
2024-03-12 17:02:23.930496,587,0.0,1.0
2024-03-12 17:02:33.945925,588,0.0,1.0
2024-03-12 17:02:33.946515,589,0.0,1.0
2024-03-12 17:02:33.946724,590,0.0,1.0
2024-03-12 17:03:37.334707,660,0.0,1.0
2024-03-12 17:03:37.574717,676,0.0,1.0
2024-03-12 17:03:47.581350,677,0.0,1.0
2024-03-12 17:04:25.844391,197,0.0,1.0
2024-03-12 17:04:25.852391,426,1.0,1.0
2024-03-12 17:04:27.948200,203,0.0,1.0
2024-03-12 17:04:28.790556,172,0.0,1.0
2024-03-12 17:04:35.757145,341,0.0,1.0
2024-03-12 17:04:57.478164,385,1.0,1.0
2024-03-12 17:04:57.497348,386,1.0,1.0
2024-03-12 17:04:57.497356,678,1.0,1.0
2024-03-12 17:04:57.497358,311,0.0,1.0
2024-03-12 17:04:57.497360,405,1.0,1.0
2024-03-12 17:04:57.497373,311,0.0,1.0
2024-03-12 17:04:57.497375,388,1.0,1.0
2024-03-12 17:04:57.497376,311,0.0,1.0
2024-03-12 17:04:57.497377,311,0.0,1.0
2024-03-12 17:04:57.497378,388,1.0,1.0
2024-03-12 17:04:57.497379,388,1.0,1.0
2024-03-12 17:04:57.497381,388,1.0,1.0
2024-03-12 17:04:57.497387,311,0.0,1.0
2024-03-12 17:04:57.497388,311,0.0,1.0
2024-03-12 17:04:57.497390,388,1.0,1.0
2024-03-12 17:04:57.497391,388,1.0,1.0
2024-03-12 17:04:57.497393,397,1.0,1.0
2024-03-12 17:04:57.497394,311,0.0,1.0
2024-03-12 17:04:57.497400,390,1.0,1.0
2024-03-12 17:04:57.497402,311,0.0,1.0
2024-03-12 17:04:57.497405,388,1.0,1.0
2024-03-12 17:04:57.498769,311,0.0,1.0
2024-03-12 17:04:57.498773,388,1.0,1.0
2024-03-12 17:04:57.498774,388,1.0,1.0
2024-03-12 17:04:57.498782,388,1.0,1.0
2024-03-12 17:04:57.498784,391,1.0,1.0
2024-03-12 17:04:57.498785,388,1.0,1.0
2024-03-12 17:04:57.498786,564,1.0,1.0
2024-03-12 17:04:57.498787,311,0.0,1.0
2024-03-12 17:04:57.498788,679,1.0,1.0
2024-03-12 17:04:57.498789,599,1.0,1.0
2024-03-12 17:04:57.498795,401,1.0,1.0
2024-03-12 17:04:57.498796,402,1.0,1.0
2024-03-12 17:04:57.498798,403,1.0,1.0
2024-03-12 17:04:57.498799,404,1.0,1.0
2024-03-12 17:04:57.498800,568,0.0,1.0
2024-03-12 17:04:57.498803,405,1.0,1.0
2024-03-12 17:04:57.498808,405,1.0,1.0
2024-03-12 17:04:57.498810,406,1.0,1.0
2024-03-12 17:04:57.498811,406,1.0,1.0
2024-03-12 17:04:57.498812,388,1.0,1.0
2024-03-12 17:04:57.498813,408,0.0,1.0
2024-03-12 17:04:57.498814,409,1.0,1.0
2024-03-12 17:04:57.498815,388,1.0,1.0
2024-03-12 17:04:57.498821,410,1.0,1.0
2024-03-12 17:04:57.498822,680,0.0,1.0
2024-03-12 17:04:57.498824,680,0.0,1.0
2024-03-12 17:04:57.498826,681,1.0,1.0
2024-03-12 17:04:57.498832,413,0.0,1.0
2024-03-12 17:04:57.498833,681,1.0,1.0
2024-03-12 17:04:57.498834,413,0.0,1.0
2024-03-12 17:04:57.498836,681,1.0,1.0
2024-03-12 17:04:57.498837,413,0.0,1.0
2024-03-12 17:04:57.498838,681,1.0,1.0
2024-03-12 17:04:57.498843,413,0.0,1.0
2024-03-12 17:04:57.498845,682,0.0,1.0
2024-03-12 17:04:57.498846,559,1.0,1.0
2024-03-12 17:04:57.498848,415,1.0,1.0
2024-03-12 17:04:57.498849,415,1.0,1.0
2024-03-12 17:04:57.498854,416,1.0,1.0
2024-03-12 17:04:57.498856,416,1.0,1.0
2024-03-12 17:04:57.498857,416,1.0,1.0
2024-03-12 17:04:57.498858,416,1.0,1.0
2024-03-12 17:04:57.498859,417,0.0,1.0
2024-03-12 17:04:57.498860,418,1.0,1.0
2024-03-12 17:04:57.498865,419,1.0,1.0
2024-03-12 17:04:57.498867,389,1.0,1.0
2024-03-12 17:04:57.498868,389,1.0,1.0
2024-03-12 17:04:57.498869,388,1.0,1.0
2024-03-12 17:04:57.498870,388,1.0,1.0
2024-03-12 17:04:57.498871,388,1.0,1.0
2024-03-12 17:04:57.498876,388,1.0,1.0
2024-03-12 17:04:57.498878,420,0.0,1.0
2024-03-12 17:04:57.498879,421,1.0,1.0
2024-03-12 17:04:57.498880,422,1.0,1.0
2024-03-12 17:04:57.498882,422,1.0,1.0
2024-03-12 17:04:57.498883,422,1.0,1.0
2024-03-12 17:04:57.498884,422,1.0,1.0
2024-03-12 17:04:57.498890,422,1.0,1.0
2024-03-12 17:04:57.498891,422,1.0,1.0
2024-03-12 17:04:57.498893,422,1.0,1.0
2024-03-12 17:04:57.498894,422,1.0,1.0
2024-03-12 17:04:57.498895,422,1.0,1.0
2024-03-12 17:04:57.498900,422,1.0,1.0
2024-03-12 17:04:57.498901,422,1.0,1.0
2024-03-12 17:04:57.498903,422,1.0,1.0
2024-03-12 17:04:57.498904,422,1.0,1.0
2024-03-12 17:04:57.498905,422,1.0,1.0
2024-03-12 17:04:57.498906,422,1.0,1.0
2024-03-12 17:04:57.498911,422,1.0,1.0
2024-03-12 17:04:57.573338,422,1.0,1.0
2024-03-12 17:04:57.573349,422,1.0,1.0
2024-03-12 17:04:57.573351,422,1.0,1.0
2024-03-12 17:04:57.573352,422,1.0,1.0
2024-03-12 17:04:57.573354,422,1.0,1.0
2024-03-12 17:04:57.573355,422,1.0,1.0
2024-03-12 17:04:57.573367,422,1.0,1.0
2024-03-12 17:04:57.573369,422,1.0,1.0
2024-03-12 17:04:57.573371,422,1.0,1.0
2024-03-12 17:04:57.573372,422,1.0,1.0
2024-03-12 17:04:57.573374,422,1.0,1.0
2024-03-12 17:04:57.573380,422,1.0,1.0
2024-03-12 17:04:57.573381,422,1.0,1.0
2024-03-12 17:04:57.573383,422,1.0,1.0
2024-03-12 17:04:57.573384,424,1.0,1.0
2024-03-12 17:04:57.573385,425,1.0,1.0
2024-03-12 17:04:57.573386,143,0.0,1.0
2024-03-12 17:04:58.040176,685,1.0,1.0
2024-03-12 17:04:58.086444,199,0.0,1.0
2024-03-12 17:04:58.088335,687,1.0,1.0
2024-03-12 17:04:58.088427,689,0.0,1.0
2024-03-12 17:04:58.088499,689,0.0,1.0
2024-03-12 17:04:58.088564,689,0.0,1.0
2024-03-12 17:04:58.088627,689,0.0,1.0
2024-03-12 17:04:58.088697,689,0.0,1.0
2024-03-12 17:04:58.088762,689,0.0,1.0
2024-03-12 17:04:58.088824,689,0.0,1.0
2024-03-12 17:04:58.088886,689,0.0,1.0
2024-03-12 17:04:58.088951,689,0.0,1.0
2024-03-12 17:04:58.089017,689,0.0,1.0
2024-03-12 17:04:58.089088,689,0.0,1.0
2024-03-12 17:04:58.089159,690,1.0,1.0
2024-03-12 17:04:58.089377,581,1.0,1.0
2024-03-12 17:04:58.089450,691,1.0,1.0
2024-03-12 17:04:58.089562,690,1.0,1.0
2024-03-12 17:04:58.089631,692,1.0,1.0
2024-03-12 17:04:58.089701,693,1.0,1.0
2024-03-12 17:04:58.089764,692,1.0,1.0
2024-03-12 17:04:58.089827,693,1.0,1.0
2024-03-12 17:04:58.089894,692,1.0,1.0
2024-03-12 17:04:58.089960,693,1.0,1.0
2024-03-12 17:04:58.090023,692,1.0,1.0
2024-03-12 17:04:58.090086,693,1.0,1.0
2024-03-12 17:04:58.090148,692,1.0,1.0
2024-03-12 17:04:58.090214,693,1.0,1.0
2024-03-12 17:04:58.090280,692,1.0,1.0
2024-03-12 17:04:58.090336,693,1.0,1.0
2024-03-12 17:04:58.090398,692,1.0,1.0
2024-03-12 17:04:58.090463,693,1.0,1.0
2024-03-12 17:04:58.090524,692,1.0,1.0
2024-03-12 17:04:58.090591,693,1.0,1.0
2024-03-12 17:04:58.101360,694,0.0,1.0
2024-03-12 17:04:58.313939,686,1.0,1.0
2024-03-12 17:04:58.375981,688,1.0,1.0
2024-03-12 17:05:01.786770,144,0.0,1.0
2024-03-12 17:05:01.786802,143,0.0,1.0
2024-03-12 17:05:01.807772,197,0.0,1.0
2024-03-12 17:05:01.809731,341,0.0,1.0
2024-03-12 17:05:01.884431,172,0.0,1.0
2024-03-12 17:05:02.092661,695,1.0,1.0
2024-03-12 17:05:02.092854,172,0.0,1.0
2024-03-12 17:05:02.102398,695,1.0,1.0
2024-03-12 17:05:02.102608,172,0.0,1.0
2024-03-12 17:05:02.112402,695,1.0,1.0
2024-03-12 17:05:02.112551,172,0.0,1.0
2024-03-12 17:05:02.121888,695,1.0,1.0
2024-03-12 17:05:02.122030,172,0.0,1.0
2024-03-12 17:05:02.130927,695,1.0,1.0
2024-03-12 17:05:02.831439,199,0.0,1.0
2024-03-12 17:05:02.834692,143,0.0,1.0
2024-03-12 17:05:09.250741,144,0.0,1.0
2024-03-12 17:05:09.250766,143,0.0,1.0
2024-03-12 17:05:09.271533,197,0.0,1.0
2024-03-12 17:05:09.271798,200,0.0,1.0
2024-03-12 17:05:09.272291,172,0.0,1.0
2024-03-12 17:05:09.274815,341,0.0,1.0
2024-03-12 17:05:09.275038,199,0.0,1.0
2024-03-12 17:05:17.366758,144,0.0,1.0
2024-03-12 17:05:17.366783,143,0.0,1.0
2024-03-12 17:05:17.391542,197,0.0,1.0
2024-03-12 17:05:17.392035,172,0.0,1.0
2024-03-12 17:05:17.393635,341,0.0,1.0
2024-03-12 17:05:17.400871,695,1.0,1.0
2024-03-12 17:05:17.401091,172,0.0,1.0
2024-03-12 17:05:17.410088,695,1.0,1.0
2024-03-12 17:05:17.410190,172,0.0,1.0
2024-03-12 17:05:17.419620,695,1.0,1.0
2024-03-12 17:05:17.419825,172,0.0,1.0
2024-03-12 17:05:17.429040,695,1.0,1.0
2024-03-12 17:05:17.429174,172,0.0,1.0
2024-03-12 17:05:17.436482,695,1.0,1.0
2024-03-12 17:05:23.584388,696,1.0,1.0
2025-01-01 12:12:12.000000,0,1.0,1.0
