timestamp,value,anomaly_score,label
2024-03-09 11:38:52.000000,192,1.0,0.0
2024-03-09 11:38:52.000000,176,1.0,0.0
2024-03-09 11:38:53.000000,193,1.0,0.0
2024-03-09 11:38:54.000000,287,1.0,0.0
2024-03-09 11:38:58.000000,203,1.0,0.0
2024-03-09 11:38:58.000000,197,1.0,0.0
2024-03-09 11:38:58.000000,144,1.0,0.0
2024-03-09 11:38:58.000000,204,1.0,0.0
2024-03-09 11:38:58.000000,143,1.0,0.0
2024-03-09 11:38:58.000000,205,1.0,0.0
2024-03-09 11:38:58.000000,143,1.0,0.0
2024-03-09 11:38:59.000000,145,1.0,0.0
2024-03-09 11:38:59.000000,143,1.0,0.0
2024-03-09 11:38:59.000000,143,1.0,0.0
2024-03-09 11:38:59.000000,198,1.0,0.0
2024-03-09 11:38:59.000000,518,1.0,0.0
2024-03-09 11:39:01.000000,198,1.0,0.0
2024-03-09 11:39:08.000000,205,1.0,0.0
2024-03-09 11:39:08.000000,197,1.0,0.0
2024-03-09 11:39:08.000000,204,1.0,0.0
2024-03-09 11:39:08.000000,203,1.0,0.0
2024-03-09 11:39:08.000000,143,1.0,0.0
2024-03-09 11:39:08.000000,143,1.0,0.0
2024-03-09 11:39:08.000000,144,1.0,0.0
2024-03-09 11:39:09.000000,145,1.0,0.0
2024-03-09 11:39:09.000000,143,1.0,0.0
2024-03-09 11:39:09.000000,143,1.0,0.0
2024-03-09 11:39:09.000000,200,1.0,0.0
2024-03-09 11:39:10.000000,200,1.0,0.0
2024-03-09 11:39:18.000000,205,1.0,0.0
2024-03-09 11:39:18.000000,204,1.0,0.0
2024-03-09 11:39:18.000000,197,1.0,0.0
2024-03-09 11:39:18.000000,144,1.0,0.0
2024-03-09 11:39:18.000000,203,1.0,0.0
2024-03-09 11:39:18.000000,143,1.0,0.0
2024-03-09 11:39:18.000000,143,1.0,0.0
2024-03-09 11:39:19.000000,143,1.0,0.0
2024-03-09 11:39:19.000000,201,1.0,0.0
2024-03-09 11:39:19.000000,143,1.0,0.0
2024-03-09 11:39:19.000000,145,1.0,0.0
2024-03-09 11:39:20.000000,201,1.0,0.0
2024-03-09 11:39:31.000000,192,1.0,0.0
2024-03-09 11:39:34.000000,193,1.0,0.0
2024-03-09 11:39:36.000000,287,1.0,0.0
2024-03-09 11:40:21.000000,199,1.0,0.0
2024-03-09 11:40:21.000000,341,1.0,0.0
2024-03-09 11:40:21.000000,199,1.0,0.0
2024-03-09 11:40:21.000000,144,1.0,0.0
2024-03-09 11:40:21.000000,143,1.0,0.0
2024-03-09 11:40:21.000000,143,1.0,0.0
2024-03-09 11:40:33.000000,192,1.0,0.0
2024-03-09 11:40:34.000000,193,1.0,0.0
2024-03-09 11:40:35.000000,287,1.0,0.0
2024-03-09 11:41:10.000000,195,1.0,0.0
2024-03-09 11:41:10.000000,189,1.0,0.0
2024-03-09 11:41:10.000000,431,1.0,0.0
2024-03-09 11:41:10.000000,432,1.0,0.0
2024-03-09 11:41:10.000000,433,1.0,0.0
2024-03-09 11:41:10.000000,434,1.0,0.0
2024-03-09 11:41:11.000000,440,1.0,0.0
2024-03-09 11:41:11.000000,442,1.0,0.0
2024-03-09 11:41:11.000000,435,1.0,0.0
2024-03-09 11:41:11.000000,212,1.0,0.0
2024-03-09 11:41:11.000000,443,1.0,0.0
2024-03-09 11:41:11.000000,444,1.0,0.0
2024-03-09 11:41:11.000000,445,1.0,0.0
2024-03-09 11:41:11.000000,439,1.0,0.0
2024-03-09 11:41:11.000000,438,1.0,0.0
2024-03-09 11:41:11.000000,245,1.0,0.0
2024-03-09 11:41:11.000000,256,1.0,0.0
2024-03-09 11:41:11.000000,436,1.0,0.0
2024-03-09 11:41:11.000000,435,1.0,0.0
2024-03-09 11:41:11.000000,435,1.0,0.0
2024-03-09 11:41:11.000000,437,1.0,0.0
2024-03-09 11:41:13.000000,257,1.0,0.0
2024-03-09 11:41:13.000000,272,1.0,0.0
2024-03-09 11:41:13.000000,196,1.0,0.0
2024-03-09 11:41:13.000000,274,1.0,0.0
2024-03-09 11:41:13.000000,273,1.0,0.0
2024-03-09 11:41:23.000000,257,1.0,0.0
2024-03-09 11:41:23.000000,257,1.0,0.0
2024-03-09 11:41:23.000000,456,1.0,0.0
2024-03-09 11:41:23.000000,455,1.0,0.0
2024-03-09 11:41:23.000000,257,1.0,0.0
2024-03-09 11:41:23.000000,443,1.0,0.0
2024-03-09 11:41:23.000000,454,1.0,0.0
2024-03-09 11:41:23.000000,257,1.0,0.0
2024-03-09 11:41:23.000000,435,1.0,0.0
2024-03-09 11:41:23.000000,452,1.0,0.0
2024-03-09 11:41:23.000000,257,1.0,0.0
2024-03-09 11:41:23.000000,451,1.0,0.0
2024-03-09 11:41:23.000000,257,1.0,0.0
2024-03-09 11:41:23.000000,450,1.0,0.0
2024-03-09 11:41:23.000000,449,1.0,0.0
2024-03-09 11:41:23.000000,257,1.0,0.0
2024-03-09 11:41:23.000000,257,1.0,0.0
2024-03-09 11:41:23.000000,447,1.0,0.0
2024-03-09 11:41:23.000000,257,1.0,0.0
2024-03-09 11:41:23.000000,353,1.0,0.0
2024-03-09 11:41:23.000000,353,1.0,0.0
2024-03-09 11:41:23.000000,353,1.0,0.0
2024-03-09 11:41:23.000000,266,1.0,0.0
2024-03-09 11:41:23.000000,352,1.0,0.0
2024-03-09 11:41:23.000000,446,1.0,0.0
2024-03-09 11:41:23.000000,458,1.0,0.0
2024-03-09 11:41:23.000000,257,1.0,0.0
2024-03-09 11:41:23.000000,448,1.0,0.0
2024-03-09 11:41:23.000000,457,1.0,0.0
2024-03-09 11:41:58.000000,436,1.0,0.0
2024-03-09 11:41:58.000000,256,1.0,0.0
2024-03-09 11:41:58.000000,435,1.0,0.0
2024-03-09 11:41:58.000000,257,1.0,0.0
2024-03-09 11:41:58.000000,212,1.0,0.0
2024-03-09 11:41:58.000000,445,1.0,0.0
2024-03-09 11:41:58.000000,444,1.0,0.0
2024-03-09 11:41:58.000000,443,1.0,0.0
2024-03-09 11:41:58.000000,435,1.0,0.0
2024-03-09 11:41:58.000000,433,1.0,0.0
2024-03-09 11:41:58.000000,432,1.0,0.0
2024-03-09 11:41:58.000000,431,1.0,0.0
2024-03-09 11:41:58.000000,245,1.0,0.0
2024-03-09 11:41:58.000000,434,1.0,0.0
2024-03-09 11:41:58.000000,442,1.0,0.0
2024-03-09 11:41:58.000000,437,1.0,0.0
2024-03-09 11:41:58.000000,438,1.0,0.0
2024-03-09 11:41:58.000000,435,1.0,0.0
2024-03-09 11:41:58.000000,440,1.0,0.0
2024-03-09 11:41:58.000000,273,1.0,0.0
2024-03-09 11:41:58.000000,439,1.0,0.0
2024-03-09 11:41:58.000000,189,1.0,0.0
2024-03-09 11:41:58.000000,196,1.0,0.0
2024-03-09 11:41:58.000000,195,1.0,0.0
2024-03-09 11:41:58.000000,274,1.0,0.0
2024-03-09 11:41:58.000000,272,1.0,0.0
2024-03-09 11:42:09.000000,448,1.0,0.0
2024-03-09 11:42:09.000000,446,1.0,0.0
2024-03-09 11:42:09.000000,352,1.0,0.0
2024-03-09 11:42:09.000000,266,1.0,0.0
2024-03-09 11:42:09.000000,353,1.0,0.0
2024-03-09 11:42:09.000000,353,1.0,0.0
2024-03-09 11:42:09.000000,257,1.0,0.0
2024-03-09 11:42:09.000000,447,1.0,0.0
2024-03-09 11:42:09.000000,257,1.0,0.0
2024-03-09 11:42:09.000000,257,1.0,0.0
2024-03-09 11:42:09.000000,353,1.0,0.0
2024-03-09 11:42:09.000000,257,1.0,0.0
2024-03-09 11:42:09.000000,458,1.0,0.0
2024-03-09 11:42:09.000000,457,1.0,0.0
2024-03-09 11:42:09.000000,257,1.0,0.0
2024-03-09 11:42:09.000000,449,1.0,0.0
2024-03-09 11:42:09.000000,456,1.0,0.0
2024-03-09 11:42:09.000000,455,1.0,0.0
2024-03-09 11:42:09.000000,257,1.0,0.0
2024-03-09 11:42:09.000000,257,1.0,0.0
2024-03-09 11:42:09.000000,454,1.0,0.0
2024-03-09 11:42:09.000000,257,1.0,0.0
2024-03-09 11:42:09.000000,452,1.0,0.0
2024-03-09 11:42:09.000000,257,1.0,0.0
2024-03-09 11:42:09.000000,451,1.0,0.0
2024-03-09 11:42:09.000000,257,1.0,0.0
2024-03-09 11:42:09.000000,450,1.0,0.0
2024-03-09 11:42:09.000000,443,1.0,0.0
2024-03-09 11:42:09.000000,435,1.0,0.0
2024-03-09 11:42:57.000000,196,1.0,0.0
2024-03-09 11:42:57.000000,195,1.0,0.0
2024-03-09 11:42:57.000000,189,1.0,0.0
2024-03-09 11:42:57.000000,272,1.0,0.0
2024-03-09 11:42:57.000000,273,1.0,0.0
2024-03-09 11:42:57.000000,431,1.0,0.0
2024-03-09 11:42:57.000000,274,1.0,0.0
2024-03-09 11:42:57.000000,257,1.0,0.0
2024-03-09 11:42:57.000000,212,1.0,0.0
2024-03-09 11:42:57.000000,445,1.0,0.0
2024-03-09 11:42:57.000000,444,1.0,0.0
2024-03-09 11:42:57.000000,443,1.0,0.0
2024-03-09 11:42:57.000000,245,1.0,0.0
2024-03-09 11:42:57.000000,435,1.0,0.0
2024-03-09 11:42:57.000000,440,1.0,0.0
2024-03-09 11:42:57.000000,439,1.0,0.0
2024-03-09 11:42:57.000000,442,1.0,0.0
2024-03-09 11:42:57.000000,437,1.0,0.0
2024-03-09 11:42:57.000000,256,1.0,0.0
2024-03-09 11:42:57.000000,436,1.0,0.0
2024-03-09 11:42:57.000000,435,1.0,0.0
2024-03-09 11:42:57.000000,435,1.0,0.0
2024-03-09 11:42:57.000000,434,1.0,0.0
2024-03-09 11:42:57.000000,433,1.0,0.0
2024-03-09 11:42:57.000000,432,1.0,0.0
2024-03-09 11:42:57.000000,438,1.0,0.0
2024-03-09 11:43:07.000000,456,1.0,0.0
2024-03-09 11:43:07.000000,458,1.0,0.0
2024-03-09 11:43:07.000000,457,1.0,0.0
2024-03-09 11:43:07.000000,257,1.0,0.0
2024-03-09 11:43:07.000000,257,1.0,0.0
2024-03-09 11:43:07.000000,455,1.0,0.0
2024-03-09 11:43:07.000000,446,1.0,0.0
2024-03-09 11:43:07.000000,443,1.0,0.0
2024-03-09 11:43:07.000000,266,1.0,0.0
2024-03-09 11:43:07.000000,353,1.0,0.0
2024-03-09 11:43:07.000000,353,1.0,0.0
2024-03-09 11:43:07.000000,353,1.0,0.0
2024-03-09 11:43:07.000000,352,1.0,0.0
2024-03-09 11:43:07.000000,447,1.0,0.0
2024-03-09 11:43:07.000000,257,1.0,0.0
2024-03-09 11:43:07.000000,448,1.0,0.0
2024-03-09 11:43:07.000000,257,1.0,0.0
2024-03-09 11:43:07.000000,449,1.0,0.0
2024-03-09 11:43:07.000000,257,1.0,0.0
2024-03-09 11:43:07.000000,257,1.0,0.0
2024-03-09 11:43:07.000000,257,1.0,0.0
2024-03-09 11:43:07.000000,451,1.0,0.0
2024-03-09 11:43:07.000000,257,1.0,0.0
2024-03-09 11:43:07.000000,450,1.0,0.0
2024-03-09 11:43:07.000000,257,1.0,0.0
2024-03-09 11:43:07.000000,452,1.0,0.0
2024-03-09 11:43:07.000000,454,1.0,0.0
2024-03-09 11:43:07.000000,435,1.0,0.0
2024-03-09 11:43:07.000000,257,1.0,0.0
2024-03-09 11:43:50.000000,143,1.0,0.0
2024-03-09 11:43:50.000000,143,1.0,0.0
2024-03-09 11:43:50.000000,145,1.0,0.0
2024-03-09 11:43:50.000000,144,1.0,0.0
2024-03-09 11:43:50.000000,143,1.0,0.0
2024-03-09 11:43:50.000000,143,1.0,0.0
2024-03-09 11:43:50.000000,198,1.0,0.0
2024-03-09 11:43:50.000000,197,1.0,0.0
2024-03-09 11:43:52.000000,198,1.0,0.0
2024-03-09 11:44:05.000000,195,1.0,0.0
2024-03-09 11:44:05.000000,439,1.0,0.0
2024-03-09 11:44:05.000000,189,1.0,0.0
2024-03-09 11:44:05.000000,431,1.0,0.0
2024-03-09 11:44:05.000000,440,1.0,0.0
2024-03-09 11:44:05.000000,433,1.0,0.0
2024-03-09 11:44:05.000000,442,1.0,0.0
2024-03-09 11:44:05.000000,435,1.0,0.0
2024-03-09 11:44:05.000000,245,1.0,0.0
2024-03-09 11:44:05.000000,443,1.0,0.0
2024-03-09 11:44:05.000000,444,1.0,0.0
2024-03-09 11:44:05.000000,445,1.0,0.0
2024-03-09 11:44:05.000000,212,1.0,0.0
2024-03-09 11:44:05.000000,432,1.0,0.0
2024-03-09 11:44:05.000000,437,1.0,0.0
2024-03-09 11:44:05.000000,438,1.0,0.0
2024-03-09 11:44:05.000000,436,1.0,0.0
2024-03-09 11:44:05.000000,435,1.0,0.0
2024-03-09 11:44:05.000000,435,1.0,0.0
2024-03-09 11:44:05.000000,434,1.0,0.0
2024-03-09 11:44:05.000000,256,1.0,0.0
2024-03-09 11:44:06.000000,257,1.0,0.0
2024-03-09 11:44:06.000000,273,1.0,0.0
2024-03-09 11:44:06.000000,272,1.0,0.0
2024-03-09 11:44:06.000000,196,1.0,0.0
2024-03-09 11:44:06.000000,274,1.0,0.0
2024-03-09 11:44:16.000000,257,1.0,0.0
2024-03-09 11:44:16.000000,452,1.0,0.0
2024-03-09 11:44:16.000000,455,1.0,0.0
2024-03-09 11:44:16.000000,257,1.0,0.0
2024-03-09 11:44:16.000000,443,1.0,0.0
2024-03-09 11:44:16.000000,454,1.0,0.0
2024-03-09 11:44:16.000000,257,1.0,0.0
2024-03-09 11:44:16.000000,353,1.0,0.0
2024-03-09 11:44:16.000000,257,1.0,0.0
2024-03-09 11:44:16.000000,447,1.0,0.0
2024-03-09 11:44:16.000000,353,1.0,0.0
2024-03-09 11:44:16.000000,456,1.0,0.0
2024-03-09 11:44:16.000000,257,1.0,0.0
2024-03-09 11:44:16.000000,257,1.0,0.0
2024-03-09 11:44:16.000000,451,1.0,0.0
2024-03-09 11:44:16.000000,257,1.0,0.0
2024-03-09 11:44:16.000000,450,1.0,0.0
2024-03-09 11:44:16.000000,257,1.0,0.0
2024-03-09 11:44:16.000000,449,1.0,0.0
2024-03-09 11:44:16.000000,257,1.0,0.0
2024-03-09 11:44:16.000000,435,1.0,0.0
2024-03-09 11:44:16.000000,448,1.0,0.0
2024-03-09 11:44:16.000000,353,1.0,0.0
2024-03-09 11:44:16.000000,352,1.0,0.0
2024-03-09 11:44:16.000000,457,1.0,0.0
2024-03-09 11:44:16.000000,458,1.0,0.0
2024-03-09 11:44:16.000000,266,1.0,0.0
2024-03-09 11:44:16.000000,257,1.0,0.0
2024-03-09 11:44:16.000000,446,1.0,0.0
2024-03-09 11:45:18.000000,192,1.0,0.0
2024-03-09 11:45:19.000000,193,1.0,0.0
2024-03-09 11:45:20.000000,287,1.0,0.0
2024-03-09 11:46:01.000000,192,1.0,0.0
2024-03-09 11:46:03.000000,193,1.0,0.0
2024-03-09 11:46:03.000000,287,1.0,0.0
2024-03-09 11:46:48.000000,189,1.0,0.0
2024-03-09 11:46:48.000000,432,1.0,0.0
2024-03-09 11:46:48.000000,433,1.0,0.0
2024-03-09 11:46:48.000000,434,1.0,0.0
2024-03-09 11:46:48.000000,431,1.0,0.0
2024-03-09 11:46:48.000000,195,1.0,0.0
2024-03-09 11:46:49.000000,273,1.0,0.0
2024-03-09 11:46:49.000000,272,1.0,0.0
2024-03-09 11:46:49.000000,274,1.0,0.0
2024-03-09 11:46:49.000000,440,1.0,0.0
2024-03-09 11:46:49.000000,436,1.0,0.0
2024-03-09 11:46:49.000000,256,1.0,0.0
2024-03-09 11:46:49.000000,437,1.0,0.0
2024-03-09 11:46:49.000000,438,1.0,0.0
2024-03-09 11:46:49.000000,439,1.0,0.0
2024-03-09 11:46:49.000000,442,1.0,0.0
2024-03-09 11:46:49.000000,435,1.0,0.0
2024-03-09 11:46:49.000000,435,1.0,0.0
2024-03-09 11:46:49.000000,245,1.0,0.0
2024-03-09 11:46:49.000000,444,1.0,0.0
2024-03-09 11:46:49.000000,445,1.0,0.0
2024-03-09 11:46:49.000000,212,1.0,0.0
2024-03-09 11:46:49.000000,257,1.0,0.0
2024-03-09 11:46:49.000000,196,1.0,0.0
2024-03-09 11:46:49.000000,443,1.0,0.0
2024-03-09 11:46:49.000000,435,1.0,0.0
2024-03-09 11:46:56.000000,199,1.0,0.0
2024-03-09 11:46:56.000000,199,1.0,0.0
2024-03-09 11:46:56.000000,341,1.0,0.0
2024-03-09 11:46:56.000000,143,1.0,0.0
2024-03-09 11:46:56.000000,342,1.0,0.0
2024-03-09 11:46:56.000000,144,1.0,0.0
2024-03-09 11:46:56.000000,143,1.0,0.0
2024-03-09 11:46:56.000000,342,1.0,0.0
2024-03-09 11:46:59.000000,458,1.0,0.0
2024-03-09 11:46:59.000000,450,1.0,0.0
2024-03-09 11:46:59.000000,353,1.0,0.0
2024-03-09 11:46:59.000000,353,1.0,0.0
2024-03-09 11:46:59.000000,353,1.0,0.0
2024-03-09 11:46:59.000000,257,1.0,0.0
2024-03-09 11:46:59.000000,447,1.0,0.0
2024-03-09 11:46:59.000000,257,1.0,0.0
2024-03-09 11:46:59.000000,448,1.0,0.0
2024-03-09 11:46:59.000000,257,1.0,0.0
2024-03-09 11:46:59.000000,449,1.0,0.0
2024-03-09 11:46:59.000000,257,1.0,0.0
2024-03-09 11:46:59.000000,446,1.0,0.0
2024-03-09 11:46:59.000000,257,1.0,0.0
2024-03-09 11:46:59.000000,451,1.0,0.0
2024-03-09 11:46:59.000000,257,1.0,0.0
2024-03-09 11:46:59.000000,452,1.0,0.0
2024-03-09 11:46:59.000000,435,1.0,0.0
2024-03-09 11:46:59.000000,257,1.0,0.0
2024-03-09 11:46:59.000000,454,1.0,0.0
2024-03-09 11:46:59.000000,443,1.0,0.0
2024-03-09 11:46:59.000000,257,1.0,0.0
2024-03-09 11:46:59.000000,455,1.0,0.0
2024-03-09 11:46:59.000000,456,1.0,0.0
2024-03-09 11:46:59.000000,257,1.0,0.0
2024-03-09 11:46:59.000000,257,1.0,0.0
2024-03-09 11:46:59.000000,457,1.0,0.0
2024-03-09 11:46:59.000000,266,1.0,0.0
2024-03-09 11:46:59.000000,352,1.0,0.0
2024-03-09 11:47:31.000000,189,1.0,0.0
2024-03-09 11:47:31.000000,195,1.0,0.0
2024-03-09 11:47:31.000000,432,1.0,0.0
2024-03-09 11:47:31.000000,439,1.0,0.0
2024-03-09 11:47:31.000000,437,1.0,0.0
2024-03-09 11:47:31.000000,256,1.0,0.0
2024-03-09 11:47:31.000000,436,1.0,0.0
2024-03-09 11:47:31.000000,435,1.0,0.0
2024-03-09 11:47:31.000000,435,1.0,0.0
2024-03-09 11:47:31.000000,434,1.0,0.0
2024-03-09 11:47:31.000000,433,1.0,0.0
2024-03-09 11:47:31.000000,438,1.0,0.0
2024-03-09 11:47:31.000000,431,1.0,0.0
2024-03-09 11:47:31.000000,435,1.0,0.0
2024-03-09 11:47:31.000000,245,1.0,0.0
2024-03-09 11:47:31.000000,443,1.0,0.0
2024-03-09 11:47:31.000000,444,1.0,0.0
2024-03-09 11:47:31.000000,445,1.0,0.0
2024-03-09 11:47:31.000000,212,1.0,0.0
2024-03-09 11:47:31.000000,442,1.0,0.0
2024-03-09 11:47:31.000000,440,1.0,0.0
2024-03-09 11:47:32.000000,196,1.0,0.0
2024-03-09 11:47:32.000000,257,1.0,0.0
2024-03-09 11:47:32.000000,274,1.0,0.0
2024-03-09 11:47:32.000000,272,1.0,0.0
2024-03-09 11:47:32.000000,273,1.0,0.0
2024-03-09 11:47:42.000000,257,1.0,0.0
2024-03-09 11:47:42.000000,451,1.0,0.0
2024-03-09 11:47:42.000000,257,1.0,0.0
2024-03-09 11:47:42.000000,450,1.0,0.0
2024-03-09 11:47:42.000000,257,1.0,0.0
2024-03-09 11:47:42.000000,449,1.0,0.0
2024-03-09 11:47:42.000000,257,1.0,0.0
2024-03-09 11:47:42.000000,353,1.0,0.0
2024-03-09 11:47:42.000000,353,1.0,0.0
2024-03-09 11:47:42.000000,448,1.0,0.0
2024-03-09 11:47:42.000000,446,1.0,0.0
2024-03-09 11:47:42.000000,257,1.0,0.0
2024-03-09 11:47:42.000000,447,1.0,0.0
2024-03-09 11:47:42.000000,257,1.0,0.0
2024-03-09 11:47:42.000000,452,1.0,0.0
2024-03-09 11:47:42.000000,435,1.0,0.0
2024-03-09 11:47:42.000000,353,1.0,0.0
2024-03-09 11:47:42.000000,454,1.0,0.0
2024-03-09 11:47:42.000000,266,1.0,0.0
2024-03-09 11:47:42.000000,257,1.0,0.0
2024-03-09 11:47:42.000000,457,1.0,0.0
2024-03-09 11:47:42.000000,257,1.0,0.0
2024-03-09 11:47:42.000000,458,1.0,0.0
2024-03-09 11:47:42.000000,456,1.0,0.0
2024-03-09 11:47:42.000000,455,1.0,0.0
2024-03-09 11:47:42.000000,257,1.0,0.0
2024-03-09 11:47:42.000000,443,1.0,0.0
2024-03-09 11:47:42.000000,257,1.0,0.0
2024-03-09 11:47:42.000000,352,1.0,0.0
2024-03-09 11:48:21.000000,189,1.0,0.0
2024-03-09 11:48:21.000000,272,1.0,0.0
2024-03-09 11:48:21.000000,273,1.0,0.0
2024-03-09 11:48:21.000000,432,1.0,0.0
2024-03-09 11:48:21.000000,431,1.0,0.0
2024-03-09 11:48:21.000000,433,1.0,0.0
2024-03-09 11:48:21.000000,434,1.0,0.0
2024-03-09 11:48:21.000000,435,1.0,0.0
2024-03-09 11:48:21.000000,435,1.0,0.0
2024-03-09 11:48:21.000000,436,1.0,0.0
2024-03-09 11:48:21.000000,257,1.0,0.0
2024-03-09 11:48:21.000000,437,1.0,0.0
2024-03-09 11:48:21.000000,438,1.0,0.0
2024-03-09 11:48:21.000000,439,1.0,0.0
2024-03-09 11:48:21.000000,440,1.0,0.0
2024-03-09 11:48:21.000000,442,1.0,0.0
2024-03-09 11:48:21.000000,435,1.0,0.0
2024-03-09 11:48:21.000000,245,1.0,0.0
2024-03-09 11:48:21.000000,443,1.0,0.0
2024-03-09 11:48:21.000000,256,1.0,0.0
2024-03-09 11:48:21.000000,445,1.0,0.0
2024-03-09 11:48:21.000000,444,1.0,0.0
2024-03-09 11:48:21.000000,195,1.0,0.0
2024-03-09 11:48:21.000000,196,1.0,0.0
2024-03-09 11:48:21.000000,274,1.0,0.0
2024-03-09 11:48:21.000000,212,1.0,0.0
2024-03-09 11:48:31.000000,456,1.0,0.0
2024-03-09 11:48:31.000000,446,1.0,0.0
2024-03-09 11:48:31.000000,352,1.0,0.0
2024-03-09 11:48:31.000000,266,1.0,0.0
2024-03-09 11:48:31.000000,353,1.0,0.0
2024-03-09 11:48:31.000000,353,1.0,0.0
2024-03-09 11:48:31.000000,353,1.0,0.0
2024-03-09 11:48:31.000000,257,1.0,0.0
2024-03-09 11:48:31.000000,447,1.0,0.0
2024-03-09 11:48:31.000000,257,1.0,0.0
2024-03-09 11:48:31.000000,448,1.0,0.0
2024-03-09 11:48:31.000000,257,1.0,0.0
2024-03-09 11:48:31.000000,449,1.0,0.0
2024-03-09 11:48:31.000000,257,1.0,0.0
2024-03-09 11:48:31.000000,450,1.0,0.0
2024-03-09 11:48:31.000000,257,1.0,0.0
2024-03-09 11:48:31.000000,458,1.0,0.0
2024-03-09 11:48:31.000000,457,1.0,0.0
2024-03-09 11:48:31.000000,452,1.0,0.0
2024-03-09 11:48:31.000000,435,1.0,0.0
2024-03-09 11:48:31.000000,257,1.0,0.0
2024-03-09 11:48:31.000000,257,1.0,0.0
2024-03-09 11:48:31.000000,454,1.0,0.0
2024-03-09 11:48:31.000000,443,1.0,0.0
2024-03-09 11:48:31.000000,257,1.0,0.0
2024-03-09 11:48:31.000000,455,1.0,0.0
2024-03-09 11:48:31.000000,257,1.0,0.0
2024-03-09 11:48:31.000000,451,1.0,0.0
2024-03-09 11:48:31.000000,257,1.0,0.0
2024-03-09 11:49:12.000000,436,1.0,0.0
2024-03-09 11:49:12.000000,195,1.0,0.0
2024-03-09 11:49:12.000000,212,1.0,0.0
2024-03-09 11:49:12.000000,431,1.0,0.0
2024-03-09 11:49:12.000000,432,1.0,0.0
2024-03-09 11:49:12.000000,433,1.0,0.0
2024-03-09 11:49:12.000000,434,1.0,0.0
2024-03-09 11:49:12.000000,435,1.0,0.0
2024-03-09 11:49:12.000000,435,1.0,0.0
2024-03-09 11:49:12.000000,189,1.0,0.0
2024-03-09 11:49:12.000000,437,1.0,0.0
2024-03-09 11:49:12.000000,438,1.0,0.0
2024-03-09 11:49:12.000000,439,1.0,0.0
2024-03-09 11:49:12.000000,440,1.0,0.0
2024-03-09 11:49:12.000000,442,1.0,0.0
2024-03-09 11:49:12.000000,435,1.0,0.0
2024-03-09 11:49:12.000000,245,1.0,0.0
2024-03-09 11:49:12.000000,443,1.0,0.0
2024-03-09 11:49:12.000000,444,1.0,0.0
2024-03-09 11:49:12.000000,445,1.0,0.0
2024-03-09 11:49:12.000000,256,1.0,0.0
2024-03-09 11:49:13.000000,274,1.0,0.0
2024-03-09 11:49:13.000000,196,1.0,0.0
2024-03-09 11:49:13.000000,257,1.0,0.0
2024-03-09 11:49:13.000000,272,1.0,0.0
2024-03-09 11:49:13.000000,273,1.0,0.0
2024-03-09 11:49:23.000000,458,1.0,0.0
2024-03-09 11:49:23.000000,457,1.0,0.0
2024-03-09 11:49:23.000000,257,1.0,0.0
2024-03-09 11:49:23.000000,257,1.0,0.0
2024-03-09 11:49:23.000000,456,1.0,0.0
2024-03-09 11:49:23.000000,455,1.0,0.0
2024-03-09 11:49:23.000000,443,1.0,0.0
2024-03-09 11:49:23.000000,454,1.0,0.0
2024-03-09 11:49:23.000000,257,1.0,0.0
2024-03-09 11:49:23.000000,435,1.0,0.0
2024-03-09 11:49:23.000000,452,1.0,0.0
2024-03-09 11:49:23.000000,257,1.0,0.0
2024-03-09 11:49:23.000000,257,1.0,0.0
2024-03-09 11:49:23.000000,257,1.0,0.0
2024-03-09 11:49:23.000000,450,1.0,0.0
2024-03-09 11:49:23.000000,257,1.0,0.0
2024-03-09 11:49:23.000000,449,1.0,0.0
2024-03-09 11:49:23.000000,257,1.0,0.0
2024-03-09 11:49:23.000000,448,1.0,0.0
2024-03-09 11:49:23.000000,352,1.0,0.0
2024-03-09 11:49:23.000000,266,1.0,0.0
2024-03-09 11:49:23.000000,353,1.0,0.0
2024-03-09 11:49:23.000000,353,1.0,0.0
2024-03-09 11:49:23.000000,257,1.0,0.0
2024-03-09 11:49:23.000000,447,1.0,0.0
2024-03-09 11:49:23.000000,451,1.0,0.0
2024-03-09 11:49:23.000000,257,1.0,0.0
2024-03-09 11:49:23.000000,353,1.0,0.0
2024-03-09 11:49:23.000000,446,1.0,0.0
2024-03-09 11:49:53.000000,445,1.0,0.0
2024-03-09 11:49:53.000000,444,1.0,0.0
2024-03-09 11:49:53.000000,443,1.0,0.0
2024-03-09 11:49:53.000000,245,1.0,0.0
2024-03-09 11:49:53.000000,435,1.0,0.0
2024-03-09 11:49:53.000000,442,1.0,0.0
2024-03-09 11:49:53.000000,431,1.0,0.0
2024-03-09 11:49:53.000000,432,1.0,0.0
2024-03-09 11:49:53.000000,433,1.0,0.0
2024-03-09 11:49:53.000000,434,1.0,0.0
2024-03-09 11:49:53.000000,435,1.0,0.0
2024-03-09 11:49:53.000000,435,1.0,0.0
2024-03-09 11:49:53.000000,436,1.0,0.0
2024-03-09 11:49:53.000000,256,1.0,0.0
2024-03-09 11:49:53.000000,437,1.0,0.0
2024-03-09 11:49:53.000000,438,1.0,0.0
2024-03-09 11:49:53.000000,212,1.0,0.0
2024-03-09 11:49:53.000000,439,1.0,0.0
2024-03-09 11:49:53.000000,257,1.0,0.0
2024-03-09 11:49:53.000000,274,1.0,0.0
2024-03-09 11:49:53.000000,196,1.0,0.0
2024-03-09 11:49:53.000000,195,1.0,0.0
2024-03-09 11:49:53.000000,189,1.0,0.0
2024-03-09 11:49:53.000000,272,1.0,0.0
2024-03-09 11:49:53.000000,273,1.0,0.0
2024-03-09 11:49:53.000000,440,1.0,0.0
2024-03-09 11:50:03.000000,353,1.0,0.0
2024-03-09 11:50:03.000000,446,1.0,0.0
2024-03-09 11:50:03.000000,257,1.0,0.0
2024-03-09 11:50:03.000000,257,1.0,0.0
2024-03-09 11:50:03.000000,353,1.0,0.0
2024-03-09 11:50:03.000000,353,1.0,0.0
2024-03-09 11:50:03.000000,266,1.0,0.0
2024-03-09 11:50:03.000000,447,1.0,0.0
2024-03-09 11:50:03.000000,257,1.0,0.0
2024-03-09 11:50:03.000000,448,1.0,0.0
2024-03-09 11:50:03.000000,352,1.0,0.0
2024-03-09 11:50:03.000000,257,1.0,0.0
2024-03-09 11:50:03.000000,457,1.0,0.0
2024-03-09 11:50:03.000000,451,1.0,0.0
2024-03-09 11:50:03.000000,257,1.0,0.0
2024-03-09 11:50:03.000000,257,1.0,0.0
2024-03-09 11:50:03.000000,452,1.0,0.0
2024-03-09 11:50:03.000000,435,1.0,0.0
2024-03-09 11:50:03.000000,458,1.0,0.0
2024-03-09 11:50:03.000000,454,1.0,0.0
2024-03-09 11:50:03.000000,257,1.0,0.0
2024-03-09 11:50:03.000000,257,1.0,0.0
2024-03-09 11:50:03.000000,450,1.0,0.0
2024-03-09 11:50:03.000000,455,1.0,0.0
2024-03-09 11:50:03.000000,456,1.0,0.0
2024-03-09 11:50:03.000000,257,1.0,0.0
2024-03-09 11:50:03.000000,257,1.0,0.0
2024-03-09 11:50:03.000000,443,1.0,0.0
2024-03-09 11:50:03.000000,449,1.0,0.0
2024-03-09 11:50:37.000000,192,1.0,0.0
2024-03-09 11:50:40.000000,193,1.0,0.0
2024-03-09 11:50:42.000000,287,1.0,0.0
2024-03-09 11:50:53.000000,143,1.0,0.0
2024-03-09 11:50:53.000000,143,1.0,0.0
2024-03-09 11:50:53.000000,143,1.0,0.0
2024-03-09 11:50:53.000000,145,1.0,0.0
2024-03-09 11:50:53.000000,144,1.0,0.0
2024-03-09 11:50:53.000000,143,1.0,0.0
2024-03-09 11:50:53.000000,200,1.0,0.0
2024-03-09 11:50:53.000000,197,1.0,0.0
2024-03-09 11:50:55.000000,200,1.0,0.0
2024-03-09 11:51:45.000000,440,1.0,0.0
2024-03-09 11:51:45.000000,442,1.0,0.0
2024-03-09 11:51:45.000000,435,1.0,0.0
2024-03-09 11:51:45.000000,444,1.0,0.0
2024-03-09 11:51:45.000000,438,1.0,0.0
2024-03-09 11:51:45.000000,437,1.0,0.0
2024-03-09 11:51:45.000000,256,1.0,0.0
2024-03-09 11:51:45.000000,436,1.0,0.0
2024-03-09 11:51:45.000000,245,1.0,0.0
2024-03-09 11:51:45.000000,443,1.0,0.0
2024-03-09 11:51:45.000000,435,1.0,0.0
2024-03-09 11:51:45.000000,439,1.0,0.0
2024-03-09 11:51:45.000000,445,1.0,0.0
2024-03-09 11:51:45.000000,257,1.0,0.0
2024-03-09 11:51:45.000000,433,1.0,0.0
2024-03-09 11:51:45.000000,432,1.0,0.0
2024-03-09 11:51:45.000000,431,1.0,0.0
2024-03-09 11:51:45.000000,273,1.0,0.0
2024-03-09 11:51:45.000000,272,1.0,0.0
2024-03-09 11:51:45.000000,189,1.0,0.0
2024-03-09 11:51:45.000000,435,1.0,0.0
2024-03-09 11:51:45.000000,195,1.0,0.0
2024-03-09 11:51:45.000000,196,1.0,0.0
2024-03-09 11:51:45.000000,274,1.0,0.0
2024-03-09 11:51:45.000000,212,1.0,0.0
2024-03-09 11:51:45.000000,434,1.0,0.0
2024-03-09 11:51:56.000000,458,1.0,0.0
2024-03-09 11:51:56.000000,352,1.0,0.0
2024-03-09 11:51:56.000000,446,1.0,0.0
2024-03-09 11:51:56.000000,457,1.0,0.0
2024-03-09 11:51:56.000000,257,1.0,0.0
2024-03-09 11:51:56.000000,257,1.0,0.0
2024-03-09 11:51:56.000000,456,1.0,0.0
2024-03-09 11:51:56.000000,257,1.0,0.0
2024-03-09 11:51:56.000000,443,1.0,0.0
2024-03-09 11:51:56.000000,454,1.0,0.0
2024-03-09 11:51:56.000000,257,1.0,0.0
2024-03-09 11:51:56.000000,435,1.0,0.0
2024-03-09 11:51:56.000000,452,1.0,0.0
2024-03-09 11:51:56.000000,257,1.0,0.0
2024-03-09 11:51:56.000000,451,1.0,0.0
2024-03-09 11:51:56.000000,455,1.0,0.0
2024-03-09 11:51:56.000000,450,1.0,0.0
2024-03-09 11:51:56.000000,257,1.0,0.0
2024-03-09 11:51:56.000000,266,1.0,0.0
2024-03-09 11:51:56.000000,353,1.0,0.0
2024-03-09 11:51:56.000000,353,1.0,0.0
2024-03-09 11:51:56.000000,257,1.0,0.0
2024-03-09 11:51:56.000000,353,1.0,0.0
2024-03-09 11:51:56.000000,257,1.0,0.0
2024-03-09 11:51:56.000000,448,1.0,0.0
2024-03-09 11:51:56.000000,257,1.0,0.0
2024-03-09 11:51:56.000000,449,1.0,0.0
2024-03-09 11:51:56.000000,257,1.0,0.0
2024-03-09 11:51:56.000000,447,1.0,0.0
2024-03-09 11:52:20.000000,192,1.0,0.0
2024-03-09 11:52:21.000000,193,1.0,0.0
2024-03-09 11:52:22.000000,287,1.0,0.0
2024-03-09 11:53:15.000000,212,1.0,0.0
2024-03-09 11:53:15.000000,210,1.0,0.0
2024-03-09 11:53:15.000000,211,1.0,0.0
2024-03-09 11:53:15.000000,257,1.0,0.0
2024-03-09 11:53:15.000000,196,1.0,0.0
2024-03-09 11:53:15.000000,272,1.0,0.0
2024-03-09 11:53:15.000000,273,1.0,0.0
2024-03-09 11:53:15.000000,195,1.0,0.0
2024-03-09 11:53:15.000000,274,1.0,0.0
2024-03-09 11:53:15.000000,445,1.0,0.0
2024-03-09 11:53:15.000000,189,1.0,0.0
2024-03-09 11:53:15.000000,444,1.0,0.0
2024-03-09 11:53:15.000000,436,1.0,0.0
2024-03-09 11:53:15.000000,245,1.0,0.0
2024-03-09 11:53:15.000000,209,1.0,0.0
2024-03-09 11:53:15.000000,431,1.0,0.0
2024-03-09 11:53:15.000000,432,1.0,0.0
2024-03-09 11:53:15.000000,433,1.0,0.0
2024-03-09 11:53:15.000000,434,1.0,0.0
2024-03-09 11:53:15.000000,443,1.0,0.0
2024-03-09 11:53:15.000000,435,1.0,0.0
2024-03-09 11:53:15.000000,435,1.0,0.0
2024-03-09 11:53:15.000000,256,1.0,0.0
2024-03-09 11:53:15.000000,437,1.0,0.0
2024-03-09 11:53:15.000000,438,1.0,0.0
2024-03-09 11:53:15.000000,439,1.0,0.0
2024-03-09 11:53:15.000000,440,1.0,0.0
2024-03-09 11:53:15.000000,442,1.0,0.0
2024-03-09 11:53:15.000000,435,1.0,0.0
2024-03-09 11:53:25.000000,446,1.0,0.0
2024-03-09 11:53:26.000000,458,1.0,0.0
2024-03-09 11:53:26.000000,457,1.0,0.0
2024-03-09 11:53:26.000000,257,1.0,0.0
2024-03-09 11:53:26.000000,257,1.0,0.0
2024-03-09 11:53:26.000000,456,1.0,0.0
2024-03-09 11:53:26.000000,455,1.0,0.0
2024-03-09 11:53:26.000000,443,1.0,0.0
2024-03-09 11:53:26.000000,257,1.0,0.0
2024-03-09 11:53:26.000000,257,1.0,0.0
2024-03-09 11:53:26.000000,449,1.0,0.0
2024-03-09 11:53:26.000000,257,1.0,0.0
2024-03-09 11:53:26.000000,448,1.0,0.0
2024-03-09 11:53:26.000000,257,1.0,0.0
2024-03-09 11:53:26.000000,447,1.0,0.0
2024-03-09 11:53:26.000000,257,1.0,0.0
2024-03-09 11:53:26.000000,353,1.0,0.0
2024-03-09 11:53:26.000000,454,1.0,0.0
2024-03-09 11:53:26.000000,353,1.0,0.0
2024-03-09 11:53:26.000000,266,1.0,0.0
2024-03-09 11:53:26.000000,450,1.0,0.0
2024-03-09 11:53:26.000000,257,1.0,0.0
2024-03-09 11:53:26.000000,451,1.0,0.0
2024-03-09 11:53:26.000000,257,1.0,0.0
2024-03-09 11:53:26.000000,452,1.0,0.0
2024-03-09 11:53:26.000000,435,1.0,0.0
2024-03-09 11:53:26.000000,352,1.0,0.0
2024-03-09 11:53:26.000000,353,1.0,0.0
2024-03-09 11:53:26.000000,257,1.0,0.0
2024-03-09 11:54:05.000000,189,1.0,0.0
2024-03-09 11:54:05.000000,195,1.0,0.0
2024-03-09 11:54:05.000000,431,1.0,0.0
2024-03-09 11:54:05.000000,432,1.0,0.0
2024-03-09 11:54:05.000000,433,1.0,0.0
2024-03-09 11:54:05.000000,434,1.0,0.0
2024-03-09 11:54:06.000000,445,1.0,0.0
2024-03-09 11:54:06.000000,257,1.0,0.0
2024-03-09 11:54:06.000000,212,1.0,0.0
2024-03-09 11:54:06.000000,273,1.0,0.0
2024-03-09 11:54:06.000000,272,1.0,0.0
2024-03-09 11:54:06.000000,256,1.0,0.0
2024-03-09 11:54:06.000000,436,1.0,0.0
2024-03-09 11:54:06.000000,435,1.0,0.0
2024-03-09 11:54:06.000000,437,1.0,0.0
2024-03-09 11:54:06.000000,438,1.0,0.0
2024-03-09 11:54:06.000000,440,1.0,0.0
2024-03-09 11:54:06.000000,196,1.0,0.0
2024-03-09 11:54:06.000000,274,1.0,0.0
2024-03-09 11:54:06.000000,435,1.0,0.0
2024-03-09 11:54:06.000000,444,1.0,0.0
2024-03-09 11:54:06.000000,442,1.0,0.0
2024-03-09 11:54:06.000000,435,1.0,0.0
2024-03-09 11:54:06.000000,245,1.0,0.0
2024-03-09 11:54:06.000000,443,1.0,0.0
2024-03-09 11:54:06.000000,439,1.0,0.0
2024-03-09 11:54:16.000000,352,1.0,0.0
2024-03-09 11:54:16.000000,446,1.0,0.0
2024-03-09 11:54:16.000000,266,1.0,0.0
2024-03-09 11:54:16.000000,435,1.0,0.0
2024-03-09 11:54:16.000000,353,1.0,0.0
2024-03-09 11:54:16.000000,257,1.0,0.0
2024-03-09 11:54:16.000000,454,1.0,0.0
2024-03-09 11:54:16.000000,257,1.0,0.0
2024-03-09 11:54:16.000000,443,1.0,0.0
2024-03-09 11:54:16.000000,257,1.0,0.0
2024-03-09 11:54:16.000000,455,1.0,0.0
2024-03-09 11:54:16.000000,456,1.0,0.0
2024-03-09 11:54:16.000000,257,1.0,0.0
2024-03-09 11:54:16.000000,257,1.0,0.0
2024-03-09 11:54:16.000000,353,1.0,0.0
2024-03-09 11:54:16.000000,457,1.0,0.0
2024-03-09 11:54:16.000000,450,1.0,0.0
2024-03-09 11:54:16.000000,257,1.0,0.0
2024-03-09 11:54:16.000000,449,1.0,0.0
2024-03-09 11:54:16.000000,257,1.0,0.0
2024-03-09 11:54:16.000000,448,1.0,0.0
2024-03-09 11:54:16.000000,257,1.0,0.0
2024-03-09 11:54:16.000000,447,1.0,0.0
2024-03-09 11:54:16.000000,257,1.0,0.0
2024-03-09 11:54:16.000000,452,1.0,0.0
2024-03-09 11:54:16.000000,458,1.0,0.0
2024-03-09 11:54:16.000000,353,1.0,0.0
2024-03-09 11:54:16.000000,257,1.0,0.0
2024-03-09 11:54:16.000000,451,1.0,0.0
2024-03-09 11:54:47.000000,144,1.0,0.0
2024-03-09 11:54:47.000000,143,1.0,0.0
2024-03-09 11:54:47.000000,341,1.0,0.0
2024-03-09 11:54:48.000000,143,1.0,0.0
2024-03-09 11:54:48.000000,199,1.0,0.0
2024-03-09 11:54:58.000000,431,1.0,0.0
2024-03-09 11:54:58.000000,432,1.0,0.0
2024-03-09 11:54:58.000000,433,1.0,0.0
2024-03-09 11:54:58.000000,195,1.0,0.0
2024-03-09 11:54:58.000000,189,1.0,0.0
2024-03-09 11:54:58.000000,445,1.0,0.0
2024-03-09 11:54:58.000000,444,1.0,0.0
2024-03-09 11:54:58.000000,443,1.0,0.0
2024-03-09 11:54:58.000000,245,1.0,0.0
2024-03-09 11:54:58.000000,442,1.0,0.0
2024-03-09 11:54:58.000000,434,1.0,0.0
2024-03-09 11:54:58.000000,435,1.0,0.0
2024-03-09 11:54:58.000000,435,1.0,0.0
2024-03-09 11:54:58.000000,435,1.0,0.0
2024-03-09 11:54:58.000000,436,1.0,0.0
2024-03-09 11:54:58.000000,212,1.0,0.0
2024-03-09 11:54:58.000000,256,1.0,0.0
2024-03-09 11:54:58.000000,437,1.0,0.0
2024-03-09 11:54:58.000000,438,1.0,0.0
2024-03-09 11:54:58.000000,440,1.0,0.0
2024-03-09 11:54:58.000000,439,1.0,0.0
2024-03-09 11:54:59.000000,196,1.0,0.0
2024-03-09 11:54:59.000000,257,1.0,0.0
2024-03-09 11:54:59.000000,272,1.0,0.0
2024-03-09 11:54:59.000000,273,1.0,0.0
2024-03-09 11:54:59.000000,274,1.0,0.0
2024-03-09 11:55:09.000000,353,1.0,0.0
2024-03-09 11:55:09.000000,353,1.0,0.0
2024-03-09 11:55:09.000000,353,1.0,0.0
2024-03-09 11:55:09.000000,266,1.0,0.0
2024-03-09 11:55:09.000000,352,1.0,0.0
2024-03-09 11:55:09.000000,257,1.0,0.0
2024-03-09 11:55:09.000000,446,1.0,0.0
2024-03-09 11:55:09.000000,257,1.0,0.0
2024-03-09 11:55:09.000000,257,1.0,0.0
2024-03-09 11:55:09.000000,447,1.0,0.0
2024-03-09 11:55:09.000000,448,1.0,0.0
2024-03-09 11:55:09.000000,458,1.0,0.0
2024-03-09 11:55:09.000000,457,1.0,0.0
2024-03-09 11:55:09.000000,257,1.0,0.0
2024-03-09 11:55:09.000000,257,1.0,0.0
2024-03-09 11:55:09.000000,455,1.0,0.0
2024-03-09 11:55:09.000000,257,1.0,0.0
2024-03-09 11:55:09.000000,443,1.0,0.0
2024-03-09 11:55:09.000000,456,1.0,0.0
2024-03-09 11:55:09.000000,257,1.0,0.0
2024-03-09 11:55:09.000000,449,1.0,0.0
2024-03-09 11:55:09.000000,454,1.0,0.0
2024-03-09 11:55:09.000000,450,1.0,0.0
2024-03-09 11:55:09.000000,257,1.0,0.0
2024-03-09 11:55:09.000000,257,1.0,0.0
2024-03-09 11:55:09.000000,257,1.0,0.0
2024-03-09 11:55:09.000000,452,1.0,0.0
2024-03-09 11:55:09.000000,435,1.0,0.0
2024-03-09 11:55:09.000000,451,1.0,0.0
2024-03-09 11:56:17.000000,440,1.0,0.0
2024-03-09 11:56:17.000000,212,1.0,0.0
2024-03-09 11:56:17.000000,445,1.0,0.0
2024-03-09 11:56:17.000000,444,1.0,0.0
2024-03-09 11:56:17.000000,443,1.0,0.0
2024-03-09 11:56:17.000000,245,1.0,0.0
2024-03-09 11:56:17.000000,435,1.0,0.0
2024-03-09 11:56:17.000000,442,1.0,0.0
2024-03-09 11:56:17.000000,439,1.0,0.0
2024-03-09 11:56:17.000000,432,1.0,0.0
2024-03-09 11:56:17.000000,437,1.0,0.0
2024-03-09 11:56:17.000000,256,1.0,0.0
2024-03-09 11:56:17.000000,436,1.0,0.0
2024-03-09 11:56:17.000000,435,1.0,0.0
2024-03-09 11:56:17.000000,435,1.0,0.0
2024-03-09 11:56:17.000000,434,1.0,0.0
2024-03-09 11:56:17.000000,431,1.0,0.0
2024-03-09 11:56:17.000000,438,1.0,0.0
2024-03-09 11:56:17.000000,433,1.0,0.0
2024-03-09 11:56:17.000000,257,1.0,0.0
2024-03-09 11:56:17.000000,189,1.0,0.0
2024-03-09 11:56:17.000000,195,1.0,0.0
2024-03-09 11:56:17.000000,196,1.0,0.0
2024-03-09 11:56:17.000000,274,1.0,0.0
2024-03-09 11:56:17.000000,272,1.0,0.0
2024-03-09 11:56:17.000000,273,1.0,0.0
2024-03-09 11:56:27.000000,452,1.0,0.0
2024-03-09 11:56:27.000000,266,1.0,0.0
2024-03-09 11:56:27.000000,353,1.0,0.0
2024-03-09 11:56:27.000000,435,1.0,0.0
2024-03-09 11:56:27.000000,257,1.0,0.0
2024-03-09 11:56:27.000000,454,1.0,0.0
2024-03-09 11:56:27.000000,443,1.0,0.0
2024-03-09 11:56:27.000000,257,1.0,0.0
2024-03-09 11:56:27.000000,446,1.0,0.0
2024-03-09 11:56:27.000000,352,1.0,0.0
2024-03-09 11:56:27.000000,257,1.0,0.0
2024-03-09 11:56:27.000000,353,1.0,0.0
2024-03-09 11:56:27.000000,353,1.0,0.0
2024-03-09 11:56:27.000000,257,1.0,0.0
2024-03-09 11:56:27.000000,447,1.0,0.0
2024-03-09 11:56:27.000000,257,1.0,0.0
2024-03-09 11:56:27.000000,448,1.0,0.0
2024-03-09 11:56:27.000000,257,1.0,0.0
2024-03-09 11:56:27.000000,449,1.0,0.0
2024-03-09 11:56:27.000000,257,1.0,0.0
2024-03-09 11:56:27.000000,450,1.0,0.0
2024-03-09 11:56:27.000000,455,1.0,0.0
2024-03-09 11:56:27.000000,456,1.0,0.0
2024-03-09 11:56:27.000000,451,1.0,0.0
2024-03-09 11:56:27.000000,257,1.0,0.0
2024-03-09 11:56:27.000000,457,1.0,0.0
2024-03-09 11:56:27.000000,458,1.0,0.0
2024-03-09 11:56:27.000000,257,1.0,0.0
2024-03-09 11:56:27.000000,257,1.0,0.0
2024-03-09 11:57:11.000000,212,1.0,0.0
2024-03-09 11:57:11.000000,445,1.0,0.0
2024-03-09 11:57:11.000000,444,1.0,0.0
2024-03-09 11:57:11.000000,443,1.0,0.0
2024-03-09 11:57:11.000000,245,1.0,0.0
2024-03-09 11:57:11.000000,435,1.0,0.0
2024-03-09 11:57:11.000000,442,1.0,0.0
2024-03-09 11:57:11.000000,440,1.0,0.0
2024-03-09 11:57:11.000000,437,1.0,0.0
2024-03-09 11:57:11.000000,438,1.0,0.0
2024-03-09 11:57:11.000000,256,1.0,0.0
2024-03-09 11:57:11.000000,436,1.0,0.0
2024-03-09 11:57:11.000000,435,1.0,0.0
2024-03-09 11:57:11.000000,434,1.0,0.0
2024-03-09 11:57:11.000000,433,1.0,0.0
2024-03-09 11:57:11.000000,432,1.0,0.0
2024-03-09 11:57:11.000000,439,1.0,0.0
2024-03-09 11:57:11.000000,431,1.0,0.0
2024-03-09 11:57:11.000000,435,1.0,0.0
2024-03-09 11:57:11.000000,189,1.0,0.0
2024-03-09 11:57:11.000000,195,1.0,0.0
2024-03-09 11:57:12.000000,273,1.0,0.0
2024-03-09 11:57:12.000000,272,1.0,0.0
2024-03-09 11:57:12.000000,257,1.0,0.0
2024-03-09 11:57:12.000000,196,1.0,0.0
2024-03-09 11:57:12.000000,274,1.0,0.0
2024-03-09 11:57:22.000000,353,1.0,0.0
2024-03-09 11:57:22.000000,455,1.0,0.0
2024-03-09 11:57:22.000000,456,1.0,0.0
2024-03-09 11:57:22.000000,257,1.0,0.0
2024-03-09 11:57:22.000000,457,1.0,0.0
2024-03-09 11:57:22.000000,458,1.0,0.0
2024-03-09 11:57:22.000000,353,1.0,0.0
2024-03-09 11:57:22.000000,443,1.0,0.0
2024-03-09 11:57:22.000000,257,1.0,0.0
2024-03-09 11:57:22.000000,353,1.0,0.0
2024-03-09 11:57:22.000000,454,1.0,0.0
2024-03-09 11:57:22.000000,257,1.0,0.0
2024-03-09 11:57:22.000000,447,1.0,0.0
2024-03-09 11:57:22.000000,257,1.0,0.0
2024-03-09 11:57:22.000000,448,1.0,0.0
2024-03-09 11:57:22.000000,257,1.0,0.0
2024-03-09 11:57:22.000000,449,1.0,0.0
2024-03-09 11:57:22.000000,266,1.0,0.0
2024-03-09 11:57:22.000000,257,1.0,0.0
2024-03-09 11:57:22.000000,257,1.0,0.0
2024-03-09 11:57:22.000000,451,1.0,0.0
2024-03-09 11:57:22.000000,257,1.0,0.0
2024-03-09 11:57:22.000000,452,1.0,0.0
2024-03-09 11:57:22.000000,435,1.0,0.0
2024-03-09 11:57:22.000000,257,1.0,0.0
2024-03-09 11:57:22.000000,450,1.0,0.0
2024-03-09 11:57:22.000000,352,1.0,0.0
2024-03-09 11:57:22.000000,257,1.0,0.0
2024-03-09 11:57:22.000000,446,1.0,0.0
2024-03-09 11:57:44.000000,274,1.0,0.0
2024-03-09 11:57:44.000000,432,1.0,0.0
2024-03-09 11:57:44.000000,433,1.0,0.0
2024-03-09 11:57:44.000000,196,1.0,0.0
2024-03-09 11:57:44.000000,195,1.0,0.0
2024-03-09 11:57:44.000000,189,1.0,0.0
2024-03-09 11:57:44.000000,272,1.0,0.0
2024-03-09 11:57:44.000000,434,1.0,0.0
2024-03-09 11:57:44.000000,435,1.0,0.0
2024-03-09 11:57:44.000000,273,1.0,0.0
2024-03-09 11:57:44.000000,435,1.0,0.0
2024-03-09 11:57:44.000000,436,1.0,0.0
2024-03-09 11:57:44.000000,256,1.0,0.0
2024-03-09 11:57:44.000000,437,1.0,0.0
2024-03-09 11:57:44.000000,438,1.0,0.0
2024-03-09 11:57:44.000000,439,1.0,0.0
2024-03-09 11:57:44.000000,440,1.0,0.0
2024-03-09 11:57:44.000000,442,1.0,0.0
2024-03-09 11:57:44.000000,435,1.0,0.0
2024-03-09 11:57:44.000000,245,1.0,0.0
2024-03-09 11:57:44.000000,443,1.0,0.0
2024-03-09 11:57:44.000000,444,1.0,0.0
2024-03-09 11:57:44.000000,445,1.0,0.0
2024-03-09 11:57:44.000000,212,1.0,0.0
2024-03-09 11:57:44.000000,257,1.0,0.0
2024-03-09 11:57:44.000000,431,1.0,0.0
2024-03-09 11:57:54.000000,458,1.0,0.0
2024-03-09 11:57:54.000000,257,1.0,0.0
2024-03-09 11:57:54.000000,353,1.0,0.0
2024-03-09 11:57:54.000000,448,1.0,0.0
2024-03-09 11:57:54.000000,257,1.0,0.0
2024-03-09 11:57:54.000000,450,1.0,0.0
2024-03-09 11:57:54.000000,353,1.0,0.0
2024-03-09 11:57:54.000000,257,1.0,0.0
2024-03-09 11:57:54.000000,451,1.0,0.0
2024-03-09 11:57:54.000000,257,1.0,0.0
2024-03-09 11:57:54.000000,452,1.0,0.0
2024-03-09 11:57:54.000000,435,1.0,0.0
2024-03-09 11:57:54.000000,257,1.0,0.0
2024-03-09 11:57:54.000000,454,1.0,0.0
2024-03-09 11:57:54.000000,443,1.0,0.0
2024-03-09 11:57:54.000000,257,1.0,0.0
2024-03-09 11:57:54.000000,455,1.0,0.0
2024-03-09 11:57:54.000000,456,1.0,0.0
2024-03-09 11:57:54.000000,447,1.0,0.0
2024-03-09 11:57:54.000000,257,1.0,0.0
2024-03-09 11:57:54.000000,353,1.0,0.0
2024-03-09 11:57:54.000000,449,1.0,0.0
2024-03-09 11:57:54.000000,257,1.0,0.0
2024-03-09 11:57:54.000000,257,1.0,0.0
2024-03-09 11:57:54.000000,457,1.0,0.0
2024-03-09 11:57:54.000000,266,1.0,0.0
2024-03-09 11:57:54.000000,257,1.0,0.0
2024-03-09 11:57:54.000000,446,1.0,0.0
2024-03-09 11:57:54.000000,352,1.0,0.0
2024-03-09 11:58:12.000000,143,1.0,0.0
2024-03-09 11:58:12.000000,143,1.0,0.0
2024-03-09 11:58:12.000000,144,1.0,0.0
2024-03-09 11:58:12.000000,197,1.0,0.0
2024-03-09 11:58:12.000000,198,1.0,0.0
2024-03-09 11:58:12.000000,143,1.0,0.0
2024-03-09 11:58:12.000000,145,1.0,0.0
2024-03-09 11:58:12.000000,203,1.0,0.0
2024-03-09 11:58:12.000000,204,1.0,0.0
2024-03-09 11:58:12.000000,205,1.0,0.0
2024-03-09 11:58:12.000000,143,1.0,0.0
2024-03-09 11:58:14.000000,198,1.0,0.0
2024-03-09 11:58:31.000000,192,1.0,0.0
2024-03-09 11:58:34.000000,193,1.0,0.0
2024-03-09 11:58:34.000000,287,1.0,0.0
2024-03-09 11:59:18.000000,444,1.0,0.0
2024-03-09 11:59:18.000000,443,1.0,0.0
2024-03-09 11:59:18.000000,436,1.0,0.0
2024-03-09 11:59:18.000000,212,1.0,0.0
2024-03-09 11:59:18.000000,257,1.0,0.0
2024-03-09 11:59:18.000000,245,1.0,0.0
2024-03-09 11:59:18.000000,435,1.0,0.0
2024-03-09 11:59:18.000000,442,1.0,0.0
2024-03-09 11:59:18.000000,440,1.0,0.0
2024-03-09 11:59:18.000000,439,1.0,0.0
2024-03-09 11:59:18.000000,438,1.0,0.0
2024-03-09 11:59:18.000000,437,1.0,0.0
2024-03-09 11:59:18.000000,445,1.0,0.0
2024-03-09 11:59:18.000000,435,1.0,0.0
2024-03-09 11:59:18.000000,256,1.0,0.0
2024-03-09 11:59:18.000000,435,1.0,0.0
2024-03-09 11:59:18.000000,273,1.0,0.0
2024-03-09 11:59:18.000000,272,1.0,0.0
2024-03-09 11:59:18.000000,189,1.0,0.0
2024-03-09 11:59:18.000000,195,1.0,0.0
2024-03-09 11:59:18.000000,196,1.0,0.0
2024-03-09 11:59:18.000000,431,1.0,0.0
2024-03-09 11:59:18.000000,432,1.0,0.0
2024-03-09 11:59:18.000000,433,1.0,0.0
2024-03-09 11:59:18.000000,434,1.0,0.0
2024-03-09 11:59:18.000000,274,1.0,0.0
2024-03-09 11:59:28.000000,257,1.0,0.0
2024-03-09 11:59:28.000000,257,1.0,0.0
2024-03-09 11:59:28.000000,452,1.0,0.0
2024-03-09 11:59:28.000000,435,1.0,0.0
2024-03-09 11:59:28.000000,257,1.0,0.0
2024-03-09 11:59:28.000000,454,1.0,0.0
2024-03-09 11:59:28.000000,443,1.0,0.0
2024-03-09 11:59:28.000000,455,1.0,0.0
2024-03-09 11:59:28.000000,257,1.0,0.0
2024-03-09 11:59:28.000000,456,1.0,0.0
2024-03-09 11:59:28.000000,457,1.0,0.0
2024-03-09 11:59:28.000000,257,1.0,0.0
2024-03-09 11:59:28.000000,451,1.0,0.0
2024-03-09 11:59:28.000000,458,1.0,0.0
2024-03-09 11:59:28.000000,257,1.0,0.0
2024-03-09 11:59:28.000000,353,1.0,0.0
2024-03-09 11:59:28.000000,257,1.0,0.0
2024-03-09 11:59:28.000000,450,1.0,0.0
2024-03-09 11:59:28.000000,446,1.0,0.0
2024-03-09 11:59:28.000000,266,1.0,0.0
2024-03-09 11:59:28.000000,353,1.0,0.0
2024-03-09 11:59:28.000000,353,1.0,0.0
2024-03-09 11:59:28.000000,352,1.0,0.0
2024-03-09 11:59:28.000000,447,1.0,0.0
2024-03-09 11:59:28.000000,257,1.0,0.0
2024-03-09 11:59:28.000000,448,1.0,0.0
2024-03-09 11:59:28.000000,257,1.0,0.0
2024-03-09 11:59:28.000000,449,1.0,0.0
2024-03-09 11:59:28.000000,257,1.0,0.0
2024-03-09 11:59:55.000000,212,1.0,0.0
2024-03-09 11:59:55.000000,445,1.0,0.0
2024-03-09 11:59:55.000000,444,1.0,0.0
2024-03-09 11:59:55.000000,443,1.0,0.0
2024-03-09 11:59:55.000000,245,1.0,0.0
2024-03-09 11:59:55.000000,435,1.0,0.0
2024-03-09 11:59:55.000000,442,1.0,0.0
2024-03-09 11:59:55.000000,440,1.0,0.0
2024-03-09 11:59:55.000000,439,1.0,0.0
2024-03-09 11:59:55.000000,438,1.0,0.0
2024-03-09 11:59:55.000000,436,1.0,0.0
2024-03-09 11:59:55.000000,256,1.0,0.0
2024-03-09 11:59:55.000000,435,1.0,0.0
2024-03-09 11:59:55.000000,435,1.0,0.0
2024-03-09 11:59:55.000000,433,1.0,0.0
2024-03-09 11:59:55.000000,432,1.0,0.0
2024-03-09 11:59:55.000000,431,1.0,0.0
2024-03-09 11:59:55.000000,189,1.0,0.0
2024-03-09 11:59:55.000000,195,1.0,0.0
2024-03-09 11:59:55.000000,437,1.0,0.0
2024-03-09 11:59:55.000000,434,1.0,0.0
2024-03-09 11:59:56.000000,196,1.0,0.0
2024-03-09 11:59:56.000000,274,1.0,0.0
2024-03-09 11:59:56.000000,273,1.0,0.0
2024-03-09 11:59:56.000000,272,1.0,0.0
2024-03-09 11:59:56.000000,257,1.0,0.0
2024-03-09 12:00:06.000000,266,1.0,0.0
2024-03-09 12:00:06.000000,352,1.0,0.0
2024-03-09 12:00:06.000000,458,1.0,0.0
2024-03-09 12:00:06.000000,457,1.0,0.0
2024-03-09 12:00:06.000000,257,1.0,0.0
2024-03-09 12:00:06.000000,257,1.0,0.0
2024-03-09 12:00:06.000000,456,1.0,0.0
2024-03-09 12:00:06.000000,455,1.0,0.0
2024-03-09 12:00:06.000000,257,1.0,0.0
2024-03-09 12:00:06.000000,454,1.0,0.0
2024-03-09 12:00:06.000000,257,1.0,0.0
2024-03-09 12:00:06.000000,443,1.0,0.0
2024-03-09 12:00:06.000000,452,1.0,0.0
2024-03-09 12:00:06.000000,353,1.0,0.0
2024-03-09 12:00:06.000000,353,1.0,0.0
2024-03-09 12:00:06.000000,353,1.0,0.0
2024-03-09 12:00:06.000000,257,1.0,0.0
2024-03-09 12:00:06.000000,447,1.0,0.0
2024-03-09 12:00:06.000000,435,1.0,0.0
2024-03-09 12:00:06.000000,257,1.0,0.0
2024-03-09 12:00:06.000000,446,1.0,0.0
2024-03-09 12:00:06.000000,257,1.0,0.0
2024-03-09 12:00:06.000000,449,1.0,0.0
2024-03-09 12:00:06.000000,257,1.0,0.0
2024-03-09 12:00:06.000000,450,1.0,0.0
2024-03-09 12:00:06.000000,257,1.0,0.0
2024-03-09 12:00:06.000000,451,1.0,0.0
2024-03-09 12:00:06.000000,257,1.0,0.0
2024-03-09 12:00:06.000000,448,1.0,0.0
2024-03-09 12:01:25.000000,192,1.0,0.0
2024-03-09 12:01:27.000000,193,1.0,0.0
2024-03-09 12:01:29.000000,287,1.0,0.0
2024-03-09 12:01:47.000000,209,1.0,0.0
2024-03-09 12:01:51.000000,126,1.0,0.0
2024-03-09 12:01:51.000000,125,1.0,0.0
2024-03-09 12:01:51.000000,124,1.0,0.0
2024-03-09 12:01:51.000000,220,1.0,0.0
2024-03-09 12:01:51.000000,211,1.0,0.0
2024-03-09 12:02:17.000000,440,1.0,0.0
2024-03-09 12:02:17.000000,257,1.0,0.0
2024-03-09 12:02:17.000000,212,1.0,0.0
2024-03-09 12:02:17.000000,445,1.0,0.0
2024-03-09 12:02:17.000000,431,1.0,0.0
2024-03-09 12:02:17.000000,434,1.0,0.0
2024-03-09 12:02:17.000000,435,1.0,0.0
2024-03-09 12:02:17.000000,435,1.0,0.0
2024-03-09 12:02:17.000000,436,1.0,0.0
2024-03-09 12:02:17.000000,256,1.0,0.0
2024-03-09 12:02:17.000000,437,1.0,0.0
2024-03-09 12:02:17.000000,438,1.0,0.0
2024-03-09 12:02:17.000000,444,1.0,0.0
2024-03-09 12:02:17.000000,443,1.0,0.0
2024-03-09 12:02:17.000000,245,1.0,0.0
2024-03-09 12:02:17.000000,435,1.0,0.0
2024-03-09 12:02:17.000000,442,1.0,0.0
2024-03-09 12:02:17.000000,439,1.0,0.0
2024-03-09 12:02:17.000000,433,1.0,0.0
2024-03-09 12:02:17.000000,432,1.0,0.0
2024-03-09 12:02:17.000000,273,1.0,0.0
2024-03-09 12:02:17.000000,274,1.0,0.0
2024-03-09 12:02:17.000000,196,1.0,0.0
2024-03-09 12:02:17.000000,195,1.0,0.0
2024-03-09 12:02:17.000000,189,1.0,0.0
2024-03-09 12:02:17.000000,272,1.0,0.0
2024-03-09 12:02:27.000000,455,1.0,0.0
2024-03-09 12:02:27.000000,456,1.0,0.0
2024-03-09 12:02:27.000000,257,1.0,0.0
2024-03-09 12:02:27.000000,257,1.0,0.0
2024-03-09 12:02:27.000000,446,1.0,0.0
2024-03-09 12:02:27.000000,458,1.0,0.0
2024-03-09 12:02:27.000000,443,1.0,0.0
2024-03-09 12:02:27.000000,352,1.0,0.0
2024-03-09 12:02:27.000000,457,1.0,0.0
2024-03-09 12:02:27.000000,454,1.0,0.0
2024-03-09 12:02:27.000000,257,1.0,0.0
2024-03-09 12:02:27.000000,435,1.0,0.0
2024-03-09 12:02:27.000000,266,1.0,0.0
2024-03-09 12:02:27.000000,353,1.0,0.0
2024-03-09 12:02:27.000000,353,1.0,0.0
2024-03-09 12:02:27.000000,353,1.0,0.0
2024-03-09 12:02:27.000000,257,1.0,0.0
2024-03-09 12:02:27.000000,447,1.0,0.0
2024-03-09 12:02:27.000000,257,1.0,0.0
2024-03-09 12:02:27.000000,448,1.0,0.0
2024-03-09 12:02:27.000000,257,1.0,0.0
2024-03-09 12:02:27.000000,257,1.0,0.0
2024-03-09 12:02:27.000000,449,1.0,0.0
2024-03-09 12:02:27.000000,257,1.0,0.0
2024-03-09 12:02:27.000000,450,1.0,0.0
2024-03-09 12:02:27.000000,257,1.0,0.0
2024-03-09 12:02:27.000000,451,1.0,0.0
2024-03-09 12:02:27.000000,257,1.0,0.0
2024-03-09 12:02:27.000000,452,1.0,0.0
2024-03-09 12:02:48.000000,444,1.0,0.0
2024-03-09 12:02:48.000000,212,1.0,0.0
2024-03-09 12:02:48.000000,445,1.0,0.0
2024-03-09 12:02:48.000000,189,1.0,0.0
2024-03-09 12:02:48.000000,443,1.0,0.0
2024-03-09 12:02:48.000000,195,1.0,0.0
2024-03-09 12:02:48.000000,435,1.0,0.0
2024-03-09 12:02:48.000000,442,1.0,0.0
2024-03-09 12:02:48.000000,440,1.0,0.0
2024-03-09 12:02:48.000000,439,1.0,0.0
2024-03-09 12:02:48.000000,245,1.0,0.0
2024-03-09 12:02:48.000000,435,1.0,0.0
2024-03-09 12:02:48.000000,435,1.0,0.0
2024-03-09 12:02:48.000000,436,1.0,0.0
2024-03-09 12:02:48.000000,431,1.0,0.0
2024-03-09 12:02:48.000000,432,1.0,0.0
2024-03-09 12:02:48.000000,433,1.0,0.0
2024-03-09 12:02:48.000000,434,1.0,0.0
2024-03-09 12:02:48.000000,256,1.0,0.0
2024-03-09 12:02:48.000000,437,1.0,0.0
2024-03-09 12:02:48.000000,438,1.0,0.0
2024-03-09 12:02:49.000000,274,1.0,0.0
2024-03-09 12:02:49.000000,272,1.0,0.0
2024-03-09 12:02:49.000000,273,1.0,0.0
2024-03-09 12:02:49.000000,257,1.0,0.0
2024-03-09 12:02:49.000000,196,1.0,0.0
2024-03-09 12:02:59.000000,257,1.0,0.0
2024-03-09 12:02:59.000000,458,1.0,0.0
2024-03-09 12:02:59.000000,457,1.0,0.0
2024-03-09 12:02:59.000000,257,1.0,0.0
2024-03-09 12:02:59.000000,456,1.0,0.0
2024-03-09 12:02:59.000000,455,1.0,0.0
2024-03-09 12:02:59.000000,257,1.0,0.0
2024-03-09 12:02:59.000000,353,1.0,0.0
2024-03-09 12:02:59.000000,353,1.0,0.0
2024-03-09 12:02:59.000000,257,1.0,0.0
2024-03-09 12:02:59.000000,447,1.0,0.0
2024-03-09 12:02:59.000000,352,1.0,0.0
2024-03-09 12:02:59.000000,446,1.0,0.0
2024-03-09 12:02:59.000000,257,1.0,0.0
2024-03-09 12:02:59.000000,448,1.0,0.0
2024-03-09 12:02:59.000000,257,1.0,0.0
2024-03-09 12:02:59.000000,353,1.0,0.0
2024-03-09 12:02:59.000000,449,1.0,0.0
2024-03-09 12:02:59.000000,450,1.0,0.0
2024-03-09 12:02:59.000000,257,1.0,0.0
2024-03-09 12:02:59.000000,451,1.0,0.0
2024-03-09 12:02:59.000000,257,1.0,0.0
2024-03-09 12:02:59.000000,452,1.0,0.0
2024-03-09 12:02:59.000000,435,1.0,0.0
2024-03-09 12:02:59.000000,257,1.0,0.0
2024-03-09 12:02:59.000000,454,1.0,0.0
2024-03-09 12:02:59.000000,443,1.0,0.0
2024-03-09 12:02:59.000000,257,1.0,0.0
2024-03-09 12:02:59.000000,266,1.0,0.0
2024-03-09 12:04:14.000000,189,1.0,0.0
2024-03-09 12:04:14.000000,196,1.0,0.0
2024-03-09 12:04:14.000000,195,1.0,0.0
2024-03-09 12:04:14.000000,274,1.0,0.0
2024-03-09 12:04:14.000000,272,1.0,0.0
2024-03-09 12:04:14.000000,437,1.0,0.0
2024-03-09 12:04:14.000000,431,1.0,0.0
2024-03-09 12:04:14.000000,432,1.0,0.0
2024-03-09 12:04:14.000000,433,1.0,0.0
2024-03-09 12:04:14.000000,434,1.0,0.0
2024-03-09 12:04:14.000000,435,1.0,0.0
2024-03-09 12:04:14.000000,435,1.0,0.0
2024-03-09 12:04:14.000000,273,1.0,0.0
2024-03-09 12:04:14.000000,256,1.0,0.0
2024-03-09 12:04:14.000000,438,1.0,0.0
2024-03-09 12:04:14.000000,436,1.0,0.0
2024-03-09 12:04:14.000000,212,1.0,0.0
2024-03-09 12:04:14.000000,440,1.0,0.0
2024-03-09 12:04:14.000000,442,1.0,0.0
2024-03-09 12:04:14.000000,435,1.0,0.0
2024-03-09 12:04:14.000000,245,1.0,0.0
2024-03-09 12:04:14.000000,443,1.0,0.0
2024-03-09 12:04:14.000000,444,1.0,0.0
2024-03-09 12:04:14.000000,445,1.0,0.0
2024-03-09 12:04:14.000000,439,1.0,0.0
2024-03-09 12:04:14.000000,257,1.0,0.0
2024-03-09 12:04:24.000000,455,1.0,0.0
2024-03-09 12:04:24.000000,456,1.0,0.0
2024-03-09 12:04:24.000000,257,1.0,0.0
2024-03-09 12:04:24.000000,257,1.0,0.0
2024-03-09 12:04:24.000000,457,1.0,0.0
2024-03-09 12:04:24.000000,257,1.0,0.0
2024-03-09 12:04:24.000000,443,1.0,0.0
2024-03-09 12:04:24.000000,458,1.0,0.0
2024-03-09 12:04:24.000000,257,1.0,0.0
2024-03-09 12:04:24.000000,446,1.0,0.0
2024-03-09 12:04:24.000000,352,1.0,0.0
2024-03-09 12:04:24.000000,266,1.0,0.0
2024-03-09 12:04:24.000000,353,1.0,0.0
2024-03-09 12:04:24.000000,353,1.0,0.0
2024-03-09 12:04:24.000000,353,1.0,0.0
2024-03-09 12:04:24.000000,257,1.0,0.0
2024-03-09 12:04:24.000000,447,1.0,0.0
2024-03-09 12:04:24.000000,257,1.0,0.0
2024-03-09 12:04:24.000000,448,1.0,0.0
2024-03-09 12:04:24.000000,449,1.0,0.0
2024-03-09 12:04:24.000000,454,1.0,0.0
2024-03-09 12:04:24.000000,257,1.0,0.0
2024-03-09 12:04:24.000000,450,1.0,0.0
2024-03-09 12:04:24.000000,257,1.0,0.0
2024-03-09 12:04:24.000000,451,1.0,0.0
2024-03-09 12:04:24.000000,257,1.0,0.0
2024-03-09 12:04:24.000000,452,1.0,0.0
2024-03-09 12:04:24.000000,435,1.0,0.0
2024-03-09 12:04:24.000000,257,1.0,0.0
2024-03-09 12:04:59.000000,195,1.0,0.0
2024-03-09 12:04:59.000000,189,1.0,0.0
2024-03-09 12:04:59.000000,212,1.0,0.0
2024-03-09 12:04:59.000000,445,1.0,0.0
2024-03-09 12:04:59.000000,256,1.0,0.0
2024-03-09 12:04:59.000000,433,1.0,0.0
2024-03-09 12:04:59.000000,434,1.0,0.0
2024-03-09 12:04:59.000000,435,1.0,0.0
2024-03-09 12:04:59.000000,435,1.0,0.0
2024-03-09 12:04:59.000000,436,1.0,0.0
2024-03-09 12:04:59.000000,444,1.0,0.0
2024-03-09 12:04:59.000000,437,1.0,0.0
2024-03-09 12:04:59.000000,432,1.0,0.0
2024-03-09 12:04:59.000000,438,1.0,0.0
2024-03-09 12:04:59.000000,440,1.0,0.0
2024-03-09 12:04:59.000000,442,1.0,0.0
2024-03-09 12:04:59.000000,435,1.0,0.0
2024-03-09 12:04:59.000000,245,1.0,0.0
2024-03-09 12:04:59.000000,443,1.0,0.0
2024-03-09 12:04:59.000000,439,1.0,0.0
2024-03-09 12:04:59.000000,431,1.0,0.0
2024-03-09 12:05:00.000000,272,1.0,0.0
2024-03-09 12:05:00.000000,273,1.0,0.0
2024-03-09 12:05:00.000000,274,1.0,0.0
2024-03-09 12:05:00.000000,196,1.0,0.0
2024-03-09 12:05:00.000000,257,1.0,0.0
2024-03-09 12:05:10.000000,257,1.0,0.0
2024-03-09 12:05:10.000000,458,1.0,0.0
2024-03-09 12:05:10.000000,457,1.0,0.0
2024-03-09 12:05:10.000000,257,1.0,0.0
2024-03-09 12:05:10.000000,257,1.0,0.0
2024-03-09 12:05:10.000000,455,1.0,0.0
2024-03-09 12:05:10.000000,452,1.0,0.0
2024-03-09 12:05:10.000000,257,1.0,0.0
2024-03-09 12:05:10.000000,451,1.0,0.0
2024-03-09 12:05:10.000000,257,1.0,0.0
2024-03-09 12:05:10.000000,450,1.0,0.0
2024-03-09 12:05:10.000000,257,1.0,0.0
2024-03-09 12:05:10.000000,449,1.0,0.0
2024-03-09 12:05:10.000000,257,1.0,0.0
2024-03-09 12:05:10.000000,435,1.0,0.0
2024-03-09 12:05:10.000000,448,1.0,0.0
2024-03-09 12:05:10.000000,447,1.0,0.0
2024-03-09 12:05:10.000000,257,1.0,0.0
2024-03-09 12:05:10.000000,353,1.0,0.0
2024-03-09 12:05:10.000000,353,1.0,0.0
2024-03-09 12:05:10.000000,353,1.0,0.0
2024-03-09 12:05:10.000000,266,1.0,0.0
2024-03-09 12:05:10.000000,352,1.0,0.0
2024-03-09 12:05:10.000000,446,1.0,0.0
2024-03-09 12:05:10.000000,257,1.0,0.0
2024-03-09 12:05:10.000000,456,1.0,0.0
2024-03-09 12:05:10.000000,257,1.0,0.0
2024-03-09 12:05:10.000000,443,1.0,0.0
2024-03-09 12:05:10.000000,454,1.0,0.0
2024-03-09 12:06:03.000000,212,1.0,0.0
2024-03-09 12:06:03.000000,272,1.0,0.0
2024-03-09 12:06:03.000000,189,1.0,0.0
2024-03-09 12:06:03.000000,431,1.0,0.0
2024-03-09 12:06:03.000000,432,1.0,0.0
2024-03-09 12:06:03.000000,433,1.0,0.0
2024-03-09 12:06:03.000000,434,1.0,0.0
2024-03-09 12:06:03.000000,435,1.0,0.0
2024-03-09 12:06:03.000000,445,1.0,0.0
2024-03-09 12:06:03.000000,435,1.0,0.0
2024-03-09 12:06:03.000000,256,1.0,0.0
2024-03-09 12:06:03.000000,437,1.0,0.0
2024-03-09 12:06:03.000000,438,1.0,0.0
2024-03-09 12:06:03.000000,439,1.0,0.0
2024-03-09 12:06:03.000000,440,1.0,0.0
2024-03-09 12:06:03.000000,442,1.0,0.0
2024-03-09 12:06:03.000000,435,1.0,0.0
2024-03-09 12:06:03.000000,245,1.0,0.0
2024-03-09 12:06:03.000000,443,1.0,0.0
2024-03-09 12:06:03.000000,444,1.0,0.0
2024-03-09 12:06:03.000000,257,1.0,0.0
2024-03-09 12:06:03.000000,436,1.0,0.0
2024-03-09 12:06:03.000000,273,1.0,0.0
2024-03-09 12:06:03.000000,195,1.0,0.0
2024-03-09 12:06:03.000000,196,1.0,0.0
2024-03-09 12:06:03.000000,274,1.0,0.0
2024-03-09 12:06:13.000000,257,1.0,0.0
2024-03-09 12:06:13.000000,447,1.0,0.0
2024-03-09 12:06:13.000000,257,1.0,0.0
2024-03-09 12:06:13.000000,448,1.0,0.0
2024-03-09 12:06:13.000000,257,1.0,0.0
2024-03-09 12:06:13.000000,257,1.0,0.0
2024-03-09 12:06:13.000000,257,1.0,0.0
2024-03-09 12:06:13.000000,450,1.0,0.0
2024-03-09 12:06:13.000000,257,1.0,0.0
2024-03-09 12:06:13.000000,455,1.0,0.0
2024-03-09 12:06:13.000000,456,1.0,0.0
2024-03-09 12:06:13.000000,257,1.0,0.0
2024-03-09 12:06:13.000000,449,1.0,0.0
2024-03-09 12:06:13.000000,353,1.0,0.0
2024-03-09 12:06:13.000000,353,1.0,0.0
2024-03-09 12:06:13.000000,457,1.0,0.0
2024-03-09 12:06:13.000000,266,1.0,0.0
2024-03-09 12:06:13.000000,352,1.0,0.0
2024-03-09 12:06:13.000000,446,1.0,0.0
2024-03-09 12:06:13.000000,443,1.0,0.0
2024-03-09 12:06:13.000000,454,1.0,0.0
2024-03-09 12:06:13.000000,257,1.0,0.0
2024-03-09 12:06:13.000000,435,1.0,0.0
2024-03-09 12:06:13.000000,452,1.0,0.0
2024-03-09 12:06:13.000000,257,1.0,0.0
2024-03-09 12:06:13.000000,451,1.0,0.0
2024-03-09 12:06:13.000000,257,1.0,0.0
2024-03-09 12:06:13.000000,353,1.0,0.0
2024-03-09 12:06:13.000000,458,1.0,0.0
2024-03-09 12:06:39.000000,192,1.0,0.0
2024-03-09 12:06:41.000000,193,1.0,0.0
2024-03-09 12:06:42.000000,287,1.0,0.0
2024-03-09 12:07:15.000000,431,1.0,0.0
2024-03-09 12:07:15.000000,272,1.0,0.0
2024-03-09 12:07:15.000000,189,1.0,0.0
2024-03-09 12:07:15.000000,443,1.0,0.0
2024-03-09 12:07:15.000000,245,1.0,0.0
2024-03-09 12:07:15.000000,435,1.0,0.0
2024-03-09 12:07:15.000000,442,1.0,0.0
2024-03-09 12:07:15.000000,440,1.0,0.0
2024-03-09 12:07:15.000000,439,1.0,0.0
2024-03-09 12:07:15.000000,438,1.0,0.0
2024-03-09 12:07:15.000000,437,1.0,0.0
2024-03-09 12:07:15.000000,436,1.0,0.0
2024-03-09 12:07:15.000000,435,1.0,0.0
2024-03-09 12:07:15.000000,435,1.0,0.0
2024-03-09 12:07:15.000000,434,1.0,0.0
2024-03-09 12:07:15.000000,433,1.0,0.0
2024-03-09 12:07:15.000000,432,1.0,0.0
2024-03-09 12:07:15.000000,256,1.0,0.0
2024-03-09 12:07:15.000000,445,1.0,0.0
2024-03-09 12:07:15.000000,212,1.0,0.0
2024-03-09 12:07:15.000000,257,1.0,0.0
2024-03-09 12:07:15.000000,273,1.0,0.0
2024-03-09 12:07:15.000000,195,1.0,0.0
2024-03-09 12:07:15.000000,444,1.0,0.0
2024-03-09 12:07:15.000000,274,1.0,0.0
2024-03-09 12:07:15.000000,196,1.0,0.0
2024-03-09 12:07:25.000000,452,1.0,0.0
2024-03-09 12:07:25.000000,435,1.0,0.0
2024-03-09 12:07:25.000000,257,1.0,0.0
2024-03-09 12:07:25.000000,454,1.0,0.0
2024-03-09 12:07:25.000000,458,1.0,0.0
2024-03-09 12:07:25.000000,257,1.0,0.0
2024-03-09 12:07:25.000000,257,1.0,0.0
2024-03-09 12:07:25.000000,456,1.0,0.0
2024-03-09 12:07:25.000000,455,1.0,0.0
2024-03-09 12:07:25.000000,457,1.0,0.0
2024-03-09 12:07:25.000000,257,1.0,0.0
2024-03-09 12:07:25.000000,257,1.0,0.0
2024-03-09 12:07:25.000000,450,1.0,0.0
2024-03-09 12:07:25.000000,257,1.0,0.0
2024-03-09 12:07:25.000000,449,1.0,0.0
2024-03-09 12:07:25.000000,257,1.0,0.0
2024-03-09 12:07:25.000000,448,1.0,0.0
2024-03-09 12:07:25.000000,257,1.0,0.0
2024-03-09 12:07:25.000000,447,1.0,0.0
2024-03-09 12:07:25.000000,257,1.0,0.0
2024-03-09 12:07:25.000000,353,1.0,0.0
2024-03-09 12:07:25.000000,353,1.0,0.0
2024-03-09 12:07:25.000000,353,1.0,0.0
2024-03-09 12:07:25.000000,352,1.0,0.0
2024-03-09 12:07:25.000000,446,1.0,0.0
2024-03-09 12:07:25.000000,451,1.0,0.0
2024-03-09 12:07:25.000000,266,1.0,0.0
2024-03-09 12:07:25.000000,443,1.0,0.0
2024-03-09 12:07:25.000000,257,1.0,0.0
2024-03-09 12:08:04.000000,437,1.0,0.0
2024-03-09 12:08:04.000000,433,1.0,0.0
2024-03-09 12:08:04.000000,434,1.0,0.0
2024-03-09 12:08:04.000000,435,1.0,0.0
2024-03-09 12:08:04.000000,435,1.0,0.0
2024-03-09 12:08:04.000000,436,1.0,0.0
2024-03-09 12:08:04.000000,256,1.0,0.0
2024-03-09 12:08:04.000000,438,1.0,0.0
2024-03-09 12:08:04.000000,439,1.0,0.0
2024-03-09 12:08:04.000000,440,1.0,0.0
2024-03-09 12:08:04.000000,442,1.0,0.0
2024-03-09 12:08:04.000000,435,1.0,0.0
2024-03-09 12:08:04.000000,245,1.0,0.0
2024-03-09 12:08:04.000000,443,1.0,0.0
2024-03-09 12:08:04.000000,444,1.0,0.0
2024-03-09 12:08:04.000000,445,1.0,0.0
2024-03-09 12:08:04.000000,432,1.0,0.0
2024-03-09 12:08:04.000000,431,1.0,0.0
2024-03-09 12:08:04.000000,212,1.0,0.0
2024-03-09 12:08:04.000000,195,1.0,0.0
2024-03-09 12:08:04.000000,189,1.0,0.0
2024-03-09 12:08:05.000000,196,1.0,0.0
2024-03-09 12:08:05.000000,273,1.0,0.0
2024-03-09 12:08:05.000000,272,1.0,0.0
2024-03-09 12:08:05.000000,257,1.0,0.0
2024-03-09 12:08:05.000000,274,1.0,0.0
2024-03-09 12:08:15.000000,257,1.0,0.0
2024-03-09 12:08:15.000000,353,1.0,0.0
2024-03-09 12:08:15.000000,447,1.0,0.0
2024-03-09 12:08:15.000000,257,1.0,0.0
2024-03-09 12:08:15.000000,448,1.0,0.0
2024-03-09 12:08:15.000000,257,1.0,0.0
2024-03-09 12:08:15.000000,353,1.0,0.0
2024-03-09 12:08:15.000000,266,1.0,0.0
2024-03-09 12:08:15.000000,352,1.0,0.0
2024-03-09 12:08:15.000000,446,1.0,0.0
2024-03-09 12:08:15.000000,449,1.0,0.0
2024-03-09 12:08:15.000000,257,1.0,0.0
2024-03-09 12:08:15.000000,450,1.0,0.0
2024-03-09 12:08:15.000000,353,1.0,0.0
2024-03-09 12:08:15.000000,257,1.0,0.0
2024-03-09 12:08:15.000000,435,1.0,0.0
2024-03-09 12:08:15.000000,452,1.0,0.0
2024-03-09 12:08:15.000000,257,1.0,0.0
2024-03-09 12:08:15.000000,454,1.0,0.0
2024-03-09 12:08:15.000000,443,1.0,0.0
2024-03-09 12:08:15.000000,257,1.0,0.0
2024-03-09 12:08:15.000000,455,1.0,0.0
2024-03-09 12:08:15.000000,456,1.0,0.0
2024-03-09 12:08:15.000000,257,1.0,0.0
2024-03-09 12:08:15.000000,257,1.0,0.0
2024-03-09 12:08:15.000000,457,1.0,0.0
2024-03-09 12:08:15.000000,458,1.0,0.0
2024-03-09 12:08:15.000000,257,1.0,0.0
2024-03-09 12:08:15.000000,451,1.0,0.0
2024-03-09 12:08:55.000000,274,1.0,0.0
2024-03-09 12:08:55.000000,196,1.0,0.0
2024-03-09 12:08:55.000000,195,1.0,0.0
2024-03-09 12:08:55.000000,189,1.0,0.0
2024-03-09 12:08:55.000000,257,1.0,0.0
2024-03-09 12:08:55.000000,273,1.0,0.0
2024-03-09 12:08:55.000000,431,1.0,0.0
2024-03-09 12:08:55.000000,432,1.0,0.0
2024-03-09 12:08:55.000000,433,1.0,0.0
2024-03-09 12:08:55.000000,434,1.0,0.0
2024-03-09 12:08:55.000000,435,1.0,0.0
2024-03-09 12:08:55.000000,435,1.0,0.0
2024-03-09 12:08:55.000000,436,1.0,0.0
2024-03-09 12:08:55.000000,256,1.0,0.0
2024-03-09 12:08:55.000000,438,1.0,0.0
2024-03-09 12:08:55.000000,439,1.0,0.0
2024-03-09 12:08:55.000000,440,1.0,0.0
2024-03-09 12:08:55.000000,442,1.0,0.0
2024-03-09 12:08:55.000000,435,1.0,0.0
2024-03-09 12:08:55.000000,245,1.0,0.0
2024-03-09 12:08:55.000000,443,1.0,0.0
2024-03-09 12:08:55.000000,444,1.0,0.0
2024-03-09 12:08:55.000000,445,1.0,0.0
2024-03-09 12:08:55.000000,212,1.0,0.0
2024-03-09 12:08:55.000000,437,1.0,0.0
2024-03-09 12:08:55.000000,272,1.0,0.0
2024-03-09 12:09:05.000000,457,1.0,0.0
2024-03-09 12:09:05.000000,257,1.0,0.0
2024-03-09 12:09:05.000000,448,1.0,0.0
2024-03-09 12:09:05.000000,257,1.0,0.0
2024-03-09 12:09:05.000000,449,1.0,0.0
2024-03-09 12:09:05.000000,257,1.0,0.0
2024-03-09 12:09:05.000000,257,1.0,0.0
2024-03-09 12:09:05.000000,456,1.0,0.0
2024-03-09 12:09:05.000000,455,1.0,0.0
2024-03-09 12:09:05.000000,257,1.0,0.0
2024-03-09 12:09:05.000000,443,1.0,0.0
2024-03-09 12:09:05.000000,454,1.0,0.0
2024-03-09 12:09:05.000000,450,1.0,0.0
2024-03-09 12:09:05.000000,257,1.0,0.0
2024-03-09 12:09:05.000000,452,1.0,0.0
2024-03-09 12:09:05.000000,257,1.0,0.0
2024-03-09 12:09:05.000000,446,1.0,0.0
2024-03-09 12:09:05.000000,352,1.0,0.0
2024-03-09 12:09:05.000000,266,1.0,0.0
2024-03-09 12:09:05.000000,353,1.0,0.0
2024-03-09 12:09:05.000000,353,1.0,0.0
2024-03-09 12:09:05.000000,353,1.0,0.0
2024-03-09 12:09:05.000000,257,1.0,0.0
2024-03-09 12:09:05.000000,435,1.0,0.0
2024-03-09 12:09:05.000000,447,1.0,0.0
2024-03-09 12:09:05.000000,451,1.0,0.0
2024-03-09 12:09:05.000000,257,1.0,0.0
2024-03-09 12:09:05.000000,257,1.0,0.0
2024-03-09 12:09:05.000000,458,1.0,0.0
2024-03-09 12:09:41.000000,192,1.0,0.0
2024-03-09 12:09:42.000000,193,1.0,0.0
2024-03-09 12:09:43.000000,287,1.0,0.0
2024-03-09 12:10:48.000000,436,1.0,0.0
2024-03-09 12:10:48.000000,256,1.0,0.0
2024-03-09 12:10:48.000000,437,1.0,0.0
2024-03-09 12:10:48.000000,438,1.0,0.0
2024-03-09 12:10:48.000000,439,1.0,0.0
2024-03-09 12:10:48.000000,440,1.0,0.0
2024-03-09 12:10:48.000000,435,1.0,0.0
2024-03-09 12:10:48.000000,245,1.0,0.0
2024-03-09 12:10:48.000000,443,1.0,0.0
2024-03-09 12:10:48.000000,444,1.0,0.0
2024-03-09 12:10:48.000000,445,1.0,0.0
2024-03-09 12:10:48.000000,212,1.0,0.0
2024-03-09 12:10:48.000000,257,1.0,0.0
2024-03-09 12:10:48.000000,442,1.0,0.0
2024-03-09 12:10:48.000000,435,1.0,0.0
2024-03-09 12:10:48.000000,435,1.0,0.0
2024-03-09 12:10:48.000000,195,1.0,0.0
2024-03-09 12:10:48.000000,272,1.0,0.0
2024-03-09 12:10:48.000000,273,1.0,0.0
2024-03-09 12:10:48.000000,431,1.0,0.0
2024-03-09 12:10:48.000000,189,1.0,0.0
2024-03-09 12:10:48.000000,196,1.0,0.0
2024-03-09 12:10:48.000000,433,1.0,0.0
2024-03-09 12:10:48.000000,434,1.0,0.0
2024-03-09 12:10:48.000000,274,1.0,0.0
2024-03-09 12:10:48.000000,432,1.0,0.0
2024-03-09 12:10:58.000000,452,1.0,0.0
2024-03-09 12:10:58.000000,451,1.0,0.0
2024-03-09 12:10:58.000000,257,1.0,0.0
2024-03-09 12:10:58.000000,450,1.0,0.0
2024-03-09 12:10:58.000000,435,1.0,0.0
2024-03-09 12:10:58.000000,257,1.0,0.0
2024-03-09 12:10:58.000000,455,1.0,0.0
2024-03-09 12:10:58.000000,454,1.0,0.0
2024-03-09 12:10:58.000000,443,1.0,0.0
2024-03-09 12:10:58.000000,257,1.0,0.0
2024-03-09 12:10:58.000000,257,1.0,0.0
2024-03-09 12:10:58.000000,456,1.0,0.0
2024-03-09 12:10:58.000000,257,1.0,0.0
2024-03-09 12:10:58.000000,257,1.0,0.0
2024-03-09 12:10:58.000000,457,1.0,0.0
2024-03-09 12:10:58.000000,458,1.0,0.0
2024-03-09 12:10:58.000000,257,1.0,0.0
2024-03-09 12:10:58.000000,449,1.0,0.0
2024-03-09 12:10:58.000000,352,1.0,0.0
2024-03-09 12:10:58.000000,448,1.0,0.0
2024-03-09 12:10:58.000000,446,1.0,0.0
2024-03-09 12:10:58.000000,266,1.0,0.0
2024-03-09 12:10:58.000000,353,1.0,0.0
2024-03-09 12:10:58.000000,353,1.0,0.0
2024-03-09 12:10:58.000000,257,1.0,0.0
2024-03-09 12:10:58.000000,257,1.0,0.0
2024-03-09 12:10:58.000000,447,1.0,0.0
2024-03-09 12:10:58.000000,257,1.0,0.0
2024-03-09 12:10:58.000000,353,1.0,0.0
2024-03-09 12:11:29.000000,192,1.0,0.0
2024-03-09 12:11:31.000000,193,1.0,0.0
2024-03-09 12:11:32.000000,287,1.0,0.0
2024-03-09 12:12:57.000000,438,1.0,0.0
2024-03-09 12:12:57.000000,439,1.0,0.0
2024-03-09 12:12:57.000000,440,1.0,0.0
2024-03-09 12:12:57.000000,442,1.0,0.0
2024-03-09 12:12:57.000000,435,1.0,0.0
2024-03-09 12:12:57.000000,245,1.0,0.0
2024-03-09 12:12:57.000000,444,1.0,0.0
2024-03-09 12:12:57.000000,437,1.0,0.0
2024-03-09 12:12:57.000000,212,1.0,0.0
2024-03-09 12:12:57.000000,257,1.0,0.0
2024-03-09 12:12:57.000000,443,1.0,0.0
2024-03-09 12:12:57.000000,445,1.0,0.0
2024-03-09 12:12:57.000000,256,1.0,0.0
2024-03-09 12:12:57.000000,435,1.0,0.0
2024-03-09 12:12:57.000000,195,1.0,0.0
2024-03-09 12:12:57.000000,436,1.0,0.0
2024-03-09 12:12:57.000000,274,1.0,0.0
2024-03-09 12:12:57.000000,273,1.0,0.0
2024-03-09 12:12:57.000000,272,1.0,0.0
2024-03-09 12:12:57.000000,196,1.0,0.0
2024-03-09 12:12:57.000000,431,1.0,0.0
2024-03-09 12:12:57.000000,432,1.0,0.0
2024-03-09 12:12:57.000000,433,1.0,0.0
2024-03-09 12:12:57.000000,434,1.0,0.0
2024-03-09 12:12:57.000000,435,1.0,0.0
2024-03-09 12:12:57.000000,189,1.0,0.0
2024-03-09 12:13:07.000000,435,1.0,0.0
2024-03-09 12:13:07.000000,257,1.0,0.0
2024-03-09 12:13:07.000000,454,1.0,0.0
2024-03-09 12:13:07.000000,443,1.0,0.0
2024-03-09 12:13:07.000000,257,1.0,0.0
2024-03-09 12:13:07.000000,257,1.0,0.0
2024-03-09 12:13:07.000000,456,1.0,0.0
2024-03-09 12:13:07.000000,257,1.0,0.0
2024-03-09 12:13:07.000000,457,1.0,0.0
2024-03-09 12:13:07.000000,458,1.0,0.0
2024-03-09 12:13:07.000000,455,1.0,0.0
2024-03-09 12:13:07.000000,257,1.0,0.0
2024-03-09 12:13:07.000000,452,1.0,0.0
2024-03-09 12:13:07.000000,257,1.0,0.0
2024-03-09 12:13:07.000000,446,1.0,0.0
2024-03-09 12:13:07.000000,451,1.0,0.0
2024-03-09 12:13:07.000000,352,1.0,0.0
2024-03-09 12:13:07.000000,353,1.0,0.0
2024-03-09 12:13:07.000000,353,1.0,0.0
2024-03-09 12:13:07.000000,353,1.0,0.0
2024-03-09 12:13:07.000000,257,1.0,0.0
2024-03-09 12:13:07.000000,266,1.0,0.0
2024-03-09 12:13:07.000000,257,1.0,0.0
2024-03-09 12:13:07.000000,448,1.0,0.0
2024-03-09 12:13:07.000000,257,1.0,0.0
2024-03-09 12:13:07.000000,449,1.0,0.0
2024-03-09 12:13:07.000000,257,1.0,0.0
2024-03-09 12:13:07.000000,450,1.0,0.0
2024-03-09 12:13:07.000000,447,1.0,0.0
2024-03-09 12:13:35.000000,195,1.0,0.0
2024-03-09 12:13:35.000000,189,1.0,0.0
2024-03-09 12:13:35.000000,245,1.0,0.0
2024-03-09 12:13:35.000000,443,1.0,0.0
2024-03-09 12:13:35.000000,444,1.0,0.0
2024-03-09 12:13:35.000000,445,1.0,0.0
2024-03-09 12:13:35.000000,212,1.0,0.0
2024-03-09 12:13:35.000000,442,1.0,0.0
2024-03-09 12:13:35.000000,439,1.0,0.0
2024-03-09 12:13:35.000000,435,1.0,0.0
2024-03-09 12:13:35.000000,431,1.0,0.0
2024-03-09 12:13:35.000000,432,1.0,0.0
2024-03-09 12:13:35.000000,433,1.0,0.0
2024-03-09 12:13:35.000000,434,1.0,0.0
2024-03-09 12:13:35.000000,440,1.0,0.0
2024-03-09 12:13:35.000000,435,1.0,0.0
2024-03-09 12:13:35.000000,436,1.0,0.0
2024-03-09 12:13:35.000000,435,1.0,0.0
2024-03-09 12:13:35.000000,256,1.0,0.0
2024-03-09 12:13:35.000000,437,1.0,0.0
2024-03-09 12:13:35.000000,438,1.0,0.0
2024-03-09 12:13:36.000000,273,1.0,0.0
2024-03-09 12:13:36.000000,272,1.0,0.0
2024-03-09 12:13:36.000000,196,1.0,0.0
2024-03-09 12:13:36.000000,274,1.0,0.0
2024-03-09 12:13:36.000000,257,1.0,0.0
2024-03-09 12:13:46.000000,257,1.0,0.0
2024-03-09 12:13:46.000000,450,1.0,0.0
2024-03-09 12:13:46.000000,257,1.0,0.0
2024-03-09 12:13:46.000000,449,1.0,0.0
2024-03-09 12:13:46.000000,451,1.0,0.0
2024-03-09 12:13:46.000000,257,1.0,0.0
2024-03-09 12:13:46.000000,452,1.0,0.0
2024-03-09 12:13:46.000000,435,1.0,0.0
2024-03-09 12:13:46.000000,257,1.0,0.0
2024-03-09 12:13:46.000000,454,1.0,0.0
2024-03-09 12:13:46.000000,443,1.0,0.0
2024-03-09 12:13:46.000000,257,1.0,0.0
2024-03-09 12:13:46.000000,455,1.0,0.0
2024-03-09 12:13:46.000000,456,1.0,0.0
2024-03-09 12:13:46.000000,448,1.0,0.0
2024-03-09 12:13:46.000000,257,1.0,0.0
2024-03-09 12:13:46.000000,457,1.0,0.0
2024-03-09 12:13:46.000000,458,1.0,0.0
2024-03-09 12:13:46.000000,257,1.0,0.0
2024-03-09 12:13:46.000000,257,1.0,0.0
2024-03-09 12:13:46.000000,257,1.0,0.0
2024-03-09 12:13:46.000000,257,1.0,0.0
2024-03-09 12:13:46.000000,353,1.0,0.0
2024-03-09 12:13:46.000000,353,1.0,0.0
2024-03-09 12:13:46.000000,353,1.0,0.0
2024-03-09 12:13:46.000000,266,1.0,0.0
2024-03-09 12:13:46.000000,352,1.0,0.0
2024-03-09 12:13:46.000000,446,1.0,0.0
2024-03-09 12:13:46.000000,447,1.0,0.0
2024-03-09 12:14:10.000000,192,1.0,0.0
2024-03-09 12:14:12.000000,193,1.0,0.0
2024-03-09 12:14:15.000000,287,1.0,0.0
2024-03-09 12:14:52.000000,192,1.0,0.0
2024-03-09 12:14:54.000000,193,1.0,0.0
2024-03-09 12:14:56.000000,287,1.0,0.0
2024-03-09 12:15:52.000000,445,1.0,0.0
2024-03-09 12:15:52.000000,256,1.0,0.0
2024-03-09 12:15:52.000000,443,1.0,0.0
2024-03-09 12:15:52.000000,212,1.0,0.0
2024-03-09 12:15:52.000000,435,1.0,0.0
2024-03-09 12:15:52.000000,442,1.0,0.0
2024-03-09 12:15:52.000000,440,1.0,0.0
2024-03-09 12:15:52.000000,439,1.0,0.0
2024-03-09 12:15:52.000000,438,1.0,0.0
2024-03-09 12:15:52.000000,437,1.0,0.0
2024-03-09 12:15:52.000000,444,1.0,0.0
2024-03-09 12:15:52.000000,436,1.0,0.0
2024-03-09 12:15:52.000000,245,1.0,0.0
2024-03-09 12:15:52.000000,435,1.0,0.0
2024-03-09 12:15:52.000000,435,1.0,0.0
2024-03-09 12:15:52.000000,195,1.0,0.0
2024-03-09 12:15:52.000000,189,1.0,0.0
2024-03-09 12:15:52.000000,434,1.0,0.0
2024-03-09 12:15:52.000000,431,1.0,0.0
2024-03-09 12:15:52.000000,432,1.0,0.0
2024-03-09 12:15:52.000000,433,1.0,0.0
2024-03-09 12:15:53.000000,273,1.0,0.0
2024-03-09 12:15:53.000000,272,1.0,0.0
2024-03-09 12:15:53.000000,196,1.0,0.0
2024-03-09 12:15:53.000000,274,1.0,0.0
2024-03-09 12:15:53.000000,257,1.0,0.0
2024-03-09 12:16:03.000000,452,1.0,0.0
2024-03-09 12:16:03.000000,435,1.0,0.0
2024-03-09 12:16:03.000000,257,1.0,0.0
2024-03-09 12:16:03.000000,454,1.0,0.0
2024-03-09 12:16:03.000000,257,1.0,0.0
2024-03-09 12:16:03.000000,257,1.0,0.0
2024-03-09 12:16:03.000000,455,1.0,0.0
2024-03-09 12:16:03.000000,257,1.0,0.0
2024-03-09 12:16:03.000000,257,1.0,0.0
2024-03-09 12:16:03.000000,457,1.0,0.0
2024-03-09 12:16:03.000000,458,1.0,0.0
2024-03-09 12:16:03.000000,443,1.0,0.0
2024-03-09 12:16:03.000000,451,1.0,0.0
2024-03-09 12:16:03.000000,257,1.0,0.0
2024-03-09 12:16:03.000000,450,1.0,0.0
2024-03-09 12:16:03.000000,257,1.0,0.0
2024-03-09 12:16:03.000000,449,1.0,0.0
2024-03-09 12:16:03.000000,448,1.0,0.0
2024-03-09 12:16:03.000000,257,1.0,0.0
2024-03-09 12:16:03.000000,257,1.0,0.0
2024-03-09 12:16:03.000000,353,1.0,0.0
2024-03-09 12:16:03.000000,353,1.0,0.0
2024-03-09 12:16:03.000000,353,1.0,0.0
2024-03-09 12:16:03.000000,266,1.0,0.0
2024-03-09 12:16:03.000000,352,1.0,0.0
2024-03-09 12:16:03.000000,446,1.0,0.0
2024-03-09 12:16:03.000000,257,1.0,0.0
2024-03-09 12:16:03.000000,447,1.0,0.0
2024-03-09 12:16:03.000000,456,1.0,0.0
2024-03-09 12:17:07.000000,189,1.0,0.0
2024-03-09 12:17:07.000000,435,1.0,0.0
2024-03-09 12:17:07.000000,436,1.0,0.0
2024-03-09 12:17:07.000000,256,1.0,0.0
2024-03-09 12:17:07.000000,437,1.0,0.0
2024-03-09 12:17:07.000000,438,1.0,0.0
2024-03-09 12:17:07.000000,439,1.0,0.0
2024-03-09 12:17:07.000000,440,1.0,0.0
2024-03-09 12:17:07.000000,435,1.0,0.0
2024-03-09 12:17:07.000000,435,1.0,0.0
2024-03-09 12:17:07.000000,245,1.0,0.0
2024-03-09 12:17:07.000000,443,1.0,0.0
2024-03-09 12:17:07.000000,444,1.0,0.0
2024-03-09 12:17:07.000000,445,1.0,0.0
2024-03-09 12:17:07.000000,212,1.0,0.0
2024-03-09 12:17:07.000000,257,1.0,0.0
2024-03-09 12:17:07.000000,442,1.0,0.0
2024-03-09 12:17:07.000000,433,1.0,0.0
2024-03-09 12:17:07.000000,272,1.0,0.0
2024-03-09 12:17:07.000000,273,1.0,0.0
2024-03-09 12:17:07.000000,196,1.0,0.0
2024-03-09 12:17:07.000000,274,1.0,0.0
2024-03-09 12:17:07.000000,195,1.0,0.0
2024-03-09 12:17:07.000000,434,1.0,0.0
2024-03-09 12:17:07.000000,431,1.0,0.0
2024-03-09 12:17:07.000000,432,1.0,0.0
2024-03-09 12:17:17.000000,449,1.0,0.0
2024-03-09 12:17:17.000000,450,1.0,0.0
2024-03-09 12:17:17.000000,257,1.0,0.0
2024-03-09 12:17:17.000000,451,1.0,0.0
2024-03-09 12:17:17.000000,257,1.0,0.0
2024-03-09 12:17:17.000000,452,1.0,0.0
2024-03-09 12:17:17.000000,257,1.0,0.0
2024-03-09 12:17:17.000000,443,1.0,0.0
2024-03-09 12:17:17.000000,454,1.0,0.0
2024-03-09 12:17:17.000000,257,1.0,0.0
2024-03-09 12:17:17.000000,257,1.0,0.0
2024-03-09 12:17:17.000000,455,1.0,0.0
2024-03-09 12:17:17.000000,456,1.0,0.0
2024-03-09 12:17:17.000000,257,1.0,0.0
2024-03-09 12:17:17.000000,257,1.0,0.0
2024-03-09 12:17:17.000000,457,1.0,0.0
2024-03-09 12:17:17.000000,458,1.0,0.0
2024-03-09 12:17:17.000000,257,1.0,0.0
2024-03-09 12:17:17.000000,448,1.0,0.0
2024-03-09 12:17:17.000000,435,1.0,0.0
2024-03-09 12:17:17.000000,447,1.0,0.0
2024-03-09 12:17:17.000000,446,1.0,0.0
2024-03-09 12:17:17.000000,352,1.0,0.0
2024-03-09 12:17:17.000000,266,1.0,0.0
2024-03-09 12:17:17.000000,257,1.0,0.0
2024-03-09 12:17:17.000000,353,1.0,0.0
2024-03-09 12:17:17.000000,353,1.0,0.0
2024-03-09 12:17:17.000000,257,1.0,0.0
2024-03-09 12:17:17.000000,353,1.0,0.0
2024-03-09 12:17:59.000000,192,1.0,0.0
2024-03-09 12:18:02.000000,193,1.0,0.0
2024-03-09 12:18:02.000000,287,1.0,0.0
2024-03-09 12:19:20.000000,442,1.0,0.0
2024-03-09 12:19:20.000000,438,1.0,0.0
2024-03-09 12:19:20.000000,439,1.0,0.0
2024-03-09 12:19:20.000000,440,1.0,0.0
2024-03-09 12:19:20.000000,437,1.0,0.0
2024-03-09 12:19:20.000000,212,1.0,0.0
2024-03-09 12:19:20.000000,443,1.0,0.0
2024-03-09 12:19:20.000000,444,1.0,0.0
2024-03-09 12:19:20.000000,445,1.0,0.0
2024-03-09 12:19:20.000000,256,1.0,0.0
2024-03-09 12:19:20.000000,257,1.0,0.0
2024-03-09 12:19:20.000000,435,1.0,0.0
2024-03-09 12:19:20.000000,436,1.0,0.0
2024-03-09 12:19:20.000000,245,1.0,0.0
2024-03-09 12:19:20.000000,435,1.0,0.0
2024-03-09 12:19:20.000000,435,1.0,0.0
2024-03-09 12:19:20.000000,189,1.0,0.0
2024-03-09 12:19:20.000000,272,1.0,0.0
2024-03-09 12:19:20.000000,273,1.0,0.0
2024-03-09 12:19:20.000000,431,1.0,0.0
2024-03-09 12:19:20.000000,196,1.0,0.0
2024-03-09 12:19:20.000000,274,1.0,0.0
2024-03-09 12:19:20.000000,432,1.0,0.0
2024-03-09 12:19:20.000000,433,1.0,0.0
2024-03-09 12:19:20.000000,434,1.0,0.0
2024-03-09 12:19:20.000000,195,1.0,0.0
2024-03-09 12:19:30.000000,452,1.0,0.0
2024-03-09 12:19:30.000000,435,1.0,0.0
2024-03-09 12:19:30.000000,257,1.0,0.0
2024-03-09 12:19:30.000000,454,1.0,0.0
2024-03-09 12:19:30.000000,455,1.0,0.0
2024-03-09 12:19:30.000000,257,1.0,0.0
2024-03-09 12:19:30.000000,257,1.0,0.0
2024-03-09 12:19:30.000000,456,1.0,0.0
2024-03-09 12:19:30.000000,257,1.0,0.0
2024-03-09 12:19:30.000000,257,1.0,0.0
2024-03-09 12:19:30.000000,457,1.0,0.0
2024-03-09 12:19:30.000000,443,1.0,0.0
2024-03-09 12:19:30.000000,451,1.0,0.0
2024-03-09 12:19:30.000000,257,1.0,0.0
2024-03-09 12:19:30.000000,450,1.0,0.0
2024-03-09 12:19:30.000000,449,1.0,0.0
2024-03-09 12:19:30.000000,448,1.0,0.0
2024-03-09 12:19:30.000000,257,1.0,0.0
2024-03-09 12:19:30.000000,257,1.0,0.0
2024-03-09 12:19:30.000000,353,1.0,0.0
2024-03-09 12:19:30.000000,353,1.0,0.0
2024-03-09 12:19:30.000000,353,1.0,0.0
2024-03-09 12:19:30.000000,266,1.0,0.0
2024-03-09 12:19:30.000000,352,1.0,0.0
2024-03-09 12:19:30.000000,446,1.0,0.0
2024-03-09 12:19:30.000000,458,1.0,0.0
2024-03-09 12:19:30.000000,257,1.0,0.0
2024-03-09 12:19:30.000000,447,1.0,0.0
2024-03-09 12:19:30.000000,257,1.0,0.0
2024-03-09 12:20:47.000000,192,1.0,0.0
2024-03-09 12:20:49.000000,193,1.0,0.0
2024-03-09 12:20:50.000000,287,1.0,0.0
2024-03-09 12:22:05.000000,438,1.0,0.0
2024-03-09 12:22:05.000000,437,1.0,0.0
2024-03-09 12:22:05.000000,439,1.0,0.0
2024-03-09 12:22:05.000000,440,1.0,0.0
2024-03-09 12:22:05.000000,442,1.0,0.0
2024-03-09 12:22:05.000000,435,1.0,0.0
2024-03-09 12:22:05.000000,443,1.0,0.0
2024-03-09 12:22:05.000000,256,1.0,0.0
2024-03-09 12:22:05.000000,444,1.0,0.0
2024-03-09 12:22:05.000000,445,1.0,0.0
2024-03-09 12:22:05.000000,212,1.0,0.0
2024-03-09 12:22:05.000000,257,1.0,0.0
2024-03-09 12:22:05.000000,245,1.0,0.0
2024-03-09 12:22:05.000000,436,1.0,0.0
2024-03-09 12:22:05.000000,435,1.0,0.0
2024-03-09 12:22:05.000000,274,1.0,0.0
2024-03-09 12:22:05.000000,434,1.0,0.0
2024-03-09 12:22:05.000000,433,1.0,0.0
2024-03-09 12:22:05.000000,432,1.0,0.0
2024-03-09 12:22:05.000000,431,1.0,0.0
2024-03-09 12:22:05.000000,195,1.0,0.0
2024-03-09 12:22:05.000000,196,1.0,0.0
2024-03-09 12:22:05.000000,435,1.0,0.0
2024-03-09 12:22:05.000000,273,1.0,0.0
2024-03-09 12:22:05.000000,272,1.0,0.0
2024-03-09 12:22:05.000000,189,1.0,0.0
2024-03-09 12:22:15.000000,257,1.0,0.0
2024-03-09 12:22:15.000000,447,1.0,0.0
2024-03-09 12:22:15.000000,257,1.0,0.0
2024-03-09 12:22:15.000000,448,1.0,0.0
2024-03-09 12:22:15.000000,257,1.0,0.0
2024-03-09 12:22:15.000000,353,1.0,0.0
2024-03-09 12:22:15.000000,353,1.0,0.0
2024-03-09 12:22:15.000000,266,1.0,0.0
2024-03-09 12:22:15.000000,352,1.0,0.0
2024-03-09 12:22:15.000000,446,1.0,0.0
2024-03-09 12:22:15.000000,449,1.0,0.0
2024-03-09 12:22:15.000000,353,1.0,0.0
2024-03-09 12:22:15.000000,257,1.0,0.0
2024-03-09 12:22:15.000000,450,1.0,0.0
2024-03-09 12:22:15.000000,257,1.0,0.0
2024-03-09 12:22:15.000000,451,1.0,0.0
2024-03-09 12:22:15.000000,257,1.0,0.0
2024-03-09 12:22:15.000000,452,1.0,0.0
2024-03-09 12:22:15.000000,435,1.0,0.0
2024-03-09 12:22:15.000000,257,1.0,0.0
2024-03-09 12:22:15.000000,454,1.0,0.0
2024-03-09 12:22:15.000000,443,1.0,0.0
2024-03-09 12:22:15.000000,257,1.0,0.0
2024-03-09 12:22:15.000000,455,1.0,0.0
2024-03-09 12:22:15.000000,456,1.0,0.0
2024-03-09 12:22:15.000000,257,1.0,0.0
2024-03-09 12:22:15.000000,257,1.0,0.0
2024-03-09 12:22:15.000000,457,1.0,0.0
2024-03-09 12:22:15.000000,458,1.0,0.0
2024-03-09 12:23:30.000000,435,1.0,0.0
2024-03-09 12:23:30.000000,442,1.0,0.0
2024-03-09 12:23:30.000000,245,1.0,0.0
2024-03-09 12:23:30.000000,443,1.0,0.0
2024-03-09 12:23:30.000000,436,1.0,0.0
2024-03-09 12:23:30.000000,445,1.0,0.0
2024-03-09 12:23:30.000000,212,1.0,0.0
2024-03-09 12:23:30.000000,189,1.0,0.0
2024-03-09 12:23:30.000000,440,1.0,0.0
2024-03-09 12:23:30.000000,195,1.0,0.0
2024-03-09 12:23:30.000000,444,1.0,0.0
2024-03-09 12:23:30.000000,439,1.0,0.0
2024-03-09 12:23:30.000000,435,1.0,0.0
2024-03-09 12:23:30.000000,437,1.0,0.0
2024-03-09 12:23:30.000000,256,1.0,0.0
2024-03-09 12:23:30.000000,435,1.0,0.0
2024-03-09 12:23:30.000000,434,1.0,0.0
2024-03-09 12:23:30.000000,433,1.0,0.0
2024-03-09 12:23:30.000000,438,1.0,0.0
2024-03-09 12:23:30.000000,431,1.0,0.0
2024-03-09 12:23:30.000000,432,1.0,0.0
2024-03-09 12:23:31.000000,196,1.0,0.0
2024-03-09 12:23:31.000000,273,1.0,0.0
2024-03-09 12:23:31.000000,272,1.0,0.0
2024-03-09 12:23:31.000000,274,1.0,0.0
2024-03-09 12:23:31.000000,257,1.0,0.0
2024-03-09 12:23:41.000000,458,1.0,0.0
2024-03-09 12:23:41.000000,457,1.0,0.0
2024-03-09 12:23:41.000000,257,1.0,0.0
2024-03-09 12:23:41.000000,257,1.0,0.0
2024-03-09 12:23:41.000000,448,1.0,0.0
2024-03-09 12:23:41.000000,456,1.0,0.0
2024-03-09 12:23:41.000000,454,1.0,0.0
2024-03-09 12:23:41.000000,257,1.0,0.0
2024-03-09 12:23:41.000000,435,1.0,0.0
2024-03-09 12:23:41.000000,452,1.0,0.0
2024-03-09 12:23:41.000000,257,1.0,0.0
2024-03-09 12:23:41.000000,451,1.0,0.0
2024-03-09 12:23:41.000000,443,1.0,0.0
2024-03-09 12:23:41.000000,450,1.0,0.0
2024-03-09 12:23:41.000000,257,1.0,0.0
2024-03-09 12:23:41.000000,449,1.0,0.0
2024-03-09 12:23:41.000000,257,1.0,0.0
2024-03-09 12:23:41.000000,352,1.0,0.0
2024-03-09 12:23:41.000000,455,1.0,0.0
2024-03-09 12:23:41.000000,257,1.0,0.0
2024-03-09 12:23:41.000000,257,1.0,0.0
2024-03-09 12:23:41.000000,447,1.0,0.0
2024-03-09 12:23:41.000000,257,1.0,0.0
2024-03-09 12:23:41.000000,353,1.0,0.0
2024-03-09 12:23:41.000000,446,1.0,0.0
2024-03-09 12:23:41.000000,353,1.0,0.0
2024-03-09 12:23:41.000000,353,1.0,0.0
2024-03-09 12:23:41.000000,266,1.0,0.0
2024-03-09 12:23:41.000000,257,1.0,0.0
2024-03-09 12:24:50.000000,273,1.0,0.0
2024-03-09 12:24:50.000000,272,1.0,0.0
2024-03-09 12:24:50.000000,189,1.0,0.0
2024-03-09 12:24:50.000000,274,1.0,0.0
2024-03-09 12:24:50.000000,195,1.0,0.0
2024-03-09 12:24:50.000000,196,1.0,0.0
2024-03-09 12:24:50.000000,445,1.0,0.0
2024-03-09 12:24:50.000000,434,1.0,0.0
2024-03-09 12:24:50.000000,431,1.0,0.0
2024-03-09 12:24:50.000000,435,1.0,0.0
2024-03-09 12:24:50.000000,435,1.0,0.0
2024-03-09 12:24:50.000000,436,1.0,0.0
2024-03-09 12:24:50.000000,256,1.0,0.0
2024-03-09 12:24:50.000000,437,1.0,0.0
2024-03-09 12:24:50.000000,438,1.0,0.0
2024-03-09 12:24:50.000000,439,1.0,0.0
2024-03-09 12:24:50.000000,440,1.0,0.0
2024-03-09 12:24:50.000000,432,1.0,0.0
2024-03-09 12:24:50.000000,442,1.0,0.0
2024-03-09 12:24:50.000000,245,1.0,0.0
2024-03-09 12:24:50.000000,443,1.0,0.0
2024-03-09 12:24:50.000000,444,1.0,0.0
2024-03-09 12:24:50.000000,212,1.0,0.0
2024-03-09 12:24:50.000000,257,1.0,0.0
2024-03-09 12:24:50.000000,435,1.0,0.0
2024-03-09 12:24:50.000000,433,1.0,0.0
2024-03-09 12:25:00.000000,447,1.0,0.0
2024-03-09 12:25:00.000000,446,1.0,0.0
2024-03-09 12:25:00.000000,257,1.0,0.0
2024-03-09 12:25:00.000000,352,1.0,0.0
2024-03-09 12:25:00.000000,257,1.0,0.0
2024-03-09 12:25:00.000000,353,1.0,0.0
2024-03-09 12:25:00.000000,353,1.0,0.0
2024-03-09 12:25:00.000000,353,1.0,0.0
2024-03-09 12:25:00.000000,448,1.0,0.0
2024-03-09 12:25:00.000000,266,1.0,0.0
2024-03-09 12:25:00.000000,451,1.0,0.0
2024-03-09 12:25:00.000000,257,1.0,0.0
2024-03-09 12:25:00.000000,450,1.0,0.0
2024-03-09 12:25:00.000000,435,1.0,0.0
2024-03-09 12:25:00.000000,257,1.0,0.0
2024-03-09 12:25:00.000000,454,1.0,0.0
2024-03-09 12:25:00.000000,443,1.0,0.0
2024-03-09 12:25:00.000000,257,1.0,0.0
2024-03-09 12:25:00.000000,257,1.0,0.0
2024-03-09 12:25:00.000000,456,1.0,0.0
2024-03-09 12:25:00.000000,257,1.0,0.0
2024-03-09 12:25:00.000000,257,1.0,0.0
2024-03-09 12:25:00.000000,457,1.0,0.0
2024-03-09 12:25:00.000000,458,1.0,0.0
2024-03-09 12:25:00.000000,257,1.0,0.0
2024-03-09 12:25:00.000000,449,1.0,0.0
2024-03-09 12:25:00.000000,257,1.0,0.0
2024-03-09 12:25:00.000000,455,1.0,0.0
2024-03-09 12:25:00.000000,452,1.0,0.0
2024-03-09 12:26:09.000000,195,1.0,0.0
2024-03-09 12:26:09.000000,433,1.0,0.0
2024-03-09 12:26:09.000000,434,1.0,0.0
2024-03-09 12:26:09.000000,431,1.0,0.0
2024-03-09 12:26:09.000000,432,1.0,0.0
2024-03-09 12:26:09.000000,189,1.0,0.0
2024-03-09 12:26:10.000000,273,1.0,0.0
2024-03-09 12:26:10.000000,272,1.0,0.0
2024-03-09 12:26:10.000000,274,1.0,0.0
2024-03-09 12:26:10.000000,435,1.0,0.0
2024-03-09 12:26:10.000000,435,1.0,0.0
2024-03-09 12:26:10.000000,435,1.0,0.0
2024-03-09 12:26:10.000000,436,1.0,0.0
2024-03-09 12:26:10.000000,256,1.0,0.0
2024-03-09 12:26:10.000000,437,1.0,0.0
2024-03-09 12:26:10.000000,438,1.0,0.0
2024-03-09 12:26:10.000000,439,1.0,0.0
2024-03-09 12:26:10.000000,440,1.0,0.0
2024-03-09 12:26:10.000000,442,1.0,0.0
2024-03-09 12:26:10.000000,196,1.0,0.0
2024-03-09 12:26:10.000000,245,1.0,0.0
2024-03-09 12:26:10.000000,444,1.0,0.0
2024-03-09 12:26:10.000000,445,1.0,0.0
2024-03-09 12:26:10.000000,212,1.0,0.0
2024-03-09 12:26:10.000000,257,1.0,0.0
2024-03-09 12:26:10.000000,443,1.0,0.0
2024-03-09 12:26:20.000000,352,1.0,0.0
2024-03-09 12:26:20.000000,458,1.0,0.0
2024-03-09 12:26:20.000000,257,1.0,0.0
2024-03-09 12:26:20.000000,257,1.0,0.0
2024-03-09 12:26:20.000000,456,1.0,0.0
2024-03-09 12:26:20.000000,455,1.0,0.0
2024-03-09 12:26:20.000000,257,1.0,0.0
2024-03-09 12:26:20.000000,443,1.0,0.0
2024-03-09 12:26:20.000000,454,1.0,0.0
2024-03-09 12:26:20.000000,257,1.0,0.0
2024-03-09 12:26:20.000000,435,1.0,0.0
2024-03-09 12:26:20.000000,452,1.0,0.0
2024-03-09 12:26:20.000000,448,1.0,0.0
2024-03-09 12:26:20.000000,257,1.0,0.0
2024-03-09 12:26:20.000000,449,1.0,0.0
2024-03-09 12:26:20.000000,257,1.0,0.0
2024-03-09 12:26:20.000000,450,1.0,0.0
2024-03-09 12:26:20.000000,257,1.0,0.0
2024-03-09 12:26:20.000000,451,1.0,0.0
2024-03-09 12:26:20.000000,257,1.0,0.0
2024-03-09 12:26:20.000000,447,1.0,0.0
2024-03-09 12:26:20.000000,257,1.0,0.0
2024-03-09 12:26:20.000000,353,1.0,0.0
2024-03-09 12:26:20.000000,353,1.0,0.0
2024-03-09 12:26:20.000000,353,1.0,0.0
2024-03-09 12:26:20.000000,266,1.0,0.0
2024-03-09 12:26:20.000000,446,1.0,0.0
2024-03-09 12:26:20.000000,257,1.0,0.0
2024-03-09 12:26:20.000000,457,1.0,0.0
2024-03-09 12:27:21.000000,192,1.0,0.0
2024-03-09 12:27:23.000000,287,1.0,0.0
2024-03-09 12:27:23.000000,193,1.0,0.0
2024-03-09 12:28:45.000000,192,1.0,0.0
2024-03-09 12:28:47.000000,193,1.0,0.0
2024-03-09 12:28:48.000000,287,1.0,0.0
2024-03-09 12:29:42.000000,272,1.0,0.0
2024-03-09 12:29:42.000000,195,1.0,0.0
2024-03-09 12:29:42.000000,196,1.0,0.0
2024-03-09 12:29:42.000000,274,1.0,0.0
2024-03-09 12:29:42.000000,431,1.0,0.0
2024-03-09 12:29:42.000000,257,1.0,0.0
2024-03-09 12:29:42.000000,189,1.0,0.0
2024-03-09 12:29:42.000000,432,1.0,0.0
2024-03-09 12:29:42.000000,212,1.0,0.0
2024-03-09 12:29:42.000000,273,1.0,0.0
2024-03-09 12:29:42.000000,444,1.0,0.0
2024-03-09 12:29:42.000000,442,1.0,0.0
2024-03-09 12:29:42.000000,440,1.0,0.0
2024-03-09 12:29:42.000000,439,1.0,0.0
2024-03-09 12:29:42.000000,438,1.0,0.0
2024-03-09 12:29:42.000000,437,1.0,0.0
2024-03-09 12:29:42.000000,256,1.0,0.0
2024-03-09 12:29:42.000000,445,1.0,0.0
2024-03-09 12:29:42.000000,436,1.0,0.0
2024-03-09 12:29:42.000000,245,1.0,0.0
2024-03-09 12:29:42.000000,435,1.0,0.0
2024-03-09 12:29:42.000000,434,1.0,0.0
2024-03-09 12:29:42.000000,433,1.0,0.0
2024-03-09 12:29:42.000000,443,1.0,0.0
2024-03-09 12:29:42.000000,435,1.0,0.0
2024-03-09 12:29:42.000000,435,1.0,0.0
2024-03-09 12:29:52.000000,257,1.0,0.0
2024-03-09 12:29:52.000000,257,1.0,0.0
2024-03-09 12:29:52.000000,257,1.0,0.0
2024-03-09 12:29:52.000000,448,1.0,0.0
2024-03-09 12:29:52.000000,257,1.0,0.0
2024-03-09 12:29:52.000000,447,1.0,0.0
2024-03-09 12:29:52.000000,257,1.0,0.0
2024-03-09 12:29:52.000000,353,1.0,0.0
2024-03-09 12:29:52.000000,353,1.0,0.0
2024-03-09 12:29:52.000000,266,1.0,0.0
2024-03-09 12:29:52.000000,352,1.0,0.0
2024-03-09 12:29:52.000000,446,1.0,0.0
2024-03-09 12:29:52.000000,450,1.0,0.0
2024-03-09 12:29:52.000000,353,1.0,0.0
2024-03-09 12:29:52.000000,449,1.0,0.0
2024-03-09 12:29:52.000000,257,1.0,0.0
2024-03-09 12:29:52.000000,454,1.0,0.0
2024-03-09 12:29:52.000000,455,1.0,0.0
2024-03-09 12:29:52.000000,456,1.0,0.0
2024-03-09 12:29:52.000000,257,1.0,0.0
2024-03-09 12:29:52.000000,257,1.0,0.0
2024-03-09 12:29:52.000000,457,1.0,0.0
2024-03-09 12:29:52.000000,458,1.0,0.0
2024-03-09 12:29:52.000000,257,1.0,0.0
2024-03-09 12:29:52.000000,435,1.0,0.0
2024-03-09 12:29:52.000000,452,1.0,0.0
2024-03-09 12:29:52.000000,443,1.0,0.0
2024-03-09 12:29:52.000000,451,1.0,0.0
2024-03-09 12:29:52.000000,257,1.0,0.0
2024-03-09 12:30:42.000000,256,1.0,0.0
2024-03-09 12:30:42.000000,212,1.0,0.0
2024-03-09 12:30:42.000000,445,1.0,0.0
2024-03-09 12:30:42.000000,444,1.0,0.0
2024-03-09 12:30:42.000000,443,1.0,0.0
2024-03-09 12:30:42.000000,245,1.0,0.0
2024-03-09 12:30:42.000000,435,1.0,0.0
2024-03-09 12:30:42.000000,442,1.0,0.0
2024-03-09 12:30:42.000000,431,1.0,0.0
2024-03-09 12:30:42.000000,432,1.0,0.0
2024-03-09 12:30:42.000000,433,1.0,0.0
2024-03-09 12:30:42.000000,434,1.0,0.0
2024-03-09 12:30:42.000000,440,1.0,0.0
2024-03-09 12:30:42.000000,439,1.0,0.0
2024-03-09 12:30:42.000000,438,1.0,0.0
2024-03-09 12:30:42.000000,435,1.0,0.0
2024-03-09 12:30:42.000000,436,1.0,0.0
2024-03-09 12:30:42.000000,437,1.0,0.0
2024-03-09 12:30:42.000000,435,1.0,0.0
2024-03-09 12:30:42.000000,189,1.0,0.0
2024-03-09 12:30:42.000000,195,1.0,0.0
2024-03-09 12:30:43.000000,274,1.0,0.0
2024-03-09 12:30:43.000000,196,1.0,0.0
2024-03-09 12:30:43.000000,257,1.0,0.0
2024-03-09 12:30:43.000000,272,1.0,0.0
2024-03-09 12:30:43.000000,273,1.0,0.0
2024-03-09 12:30:53.000000,455,1.0,0.0
2024-03-09 12:30:53.000000,456,1.0,0.0
2024-03-09 12:30:53.000000,257,1.0,0.0
2024-03-09 12:30:53.000000,443,1.0,0.0
2024-03-09 12:30:53.000000,257,1.0,0.0
2024-03-09 12:30:53.000000,457,1.0,0.0
2024-03-09 12:30:53.000000,458,1.0,0.0
2024-03-09 12:30:53.000000,257,1.0,0.0
2024-03-09 12:30:53.000000,454,1.0,0.0
2024-03-09 12:30:53.000000,435,1.0,0.0
2024-03-09 12:30:53.000000,353,1.0,0.0
2024-03-09 12:30:53.000000,452,1.0,0.0
2024-03-09 12:30:53.000000,257,1.0,0.0
2024-03-09 12:30:53.000000,451,1.0,0.0
2024-03-09 12:30:53.000000,257,1.0,0.0
2024-03-09 12:30:53.000000,450,1.0,0.0
2024-03-09 12:30:53.000000,257,1.0,0.0
2024-03-09 12:30:53.000000,449,1.0,0.0
2024-03-09 12:30:53.000000,257,1.0,0.0
2024-03-09 12:30:53.000000,448,1.0,0.0
2024-03-09 12:30:53.000000,257,1.0,0.0
2024-03-09 12:30:53.000000,447,1.0,0.0
2024-03-09 12:30:53.000000,257,1.0,0.0
2024-03-09 12:30:53.000000,257,1.0,0.0
2024-03-09 12:30:53.000000,353,1.0,0.0
2024-03-09 12:30:53.000000,446,1.0,0.0
2024-03-09 12:30:53.000000,266,1.0,0.0
2024-03-09 12:30:53.000000,353,1.0,0.0
2024-03-09 12:30:53.000000,352,1.0,0.0
2024-03-09 12:31:31.000000,431,1.0,0.0
2024-03-09 12:31:31.000000,443,1.0,0.0
2024-03-09 12:31:31.000000,433,1.0,0.0
2024-03-09 12:31:31.000000,434,1.0,0.0
2024-03-09 12:31:31.000000,432,1.0,0.0
2024-03-09 12:31:31.000000,436,1.0,0.0
2024-03-09 12:31:31.000000,256,1.0,0.0
2024-03-09 12:31:31.000000,437,1.0,0.0
2024-03-09 12:31:31.000000,438,1.0,0.0
2024-03-09 12:31:31.000000,439,1.0,0.0
2024-03-09 12:31:31.000000,440,1.0,0.0
2024-03-09 12:31:31.000000,442,1.0,0.0
2024-03-09 12:31:31.000000,435,1.0,0.0
2024-03-09 12:31:31.000000,435,1.0,0.0
2024-03-09 12:31:31.000000,189,1.0,0.0
2024-03-09 12:31:31.000000,257,1.0,0.0
2024-03-09 12:31:31.000000,435,1.0,0.0
2024-03-09 12:31:31.000000,445,1.0,0.0
2024-03-09 12:31:31.000000,444,1.0,0.0
2024-03-09 12:31:31.000000,195,1.0,0.0
2024-03-09 12:31:31.000000,212,1.0,0.0
2024-03-09 12:31:31.000000,274,1.0,0.0
2024-03-09 12:31:31.000000,273,1.0,0.0
2024-03-09 12:31:31.000000,272,1.0,0.0
2024-03-09 12:31:31.000000,196,1.0,0.0
2024-03-09 12:31:31.000000,245,1.0,0.0
2024-03-09 12:31:41.000000,257,1.0,0.0
2024-03-09 12:31:41.000000,451,1.0,0.0
2024-03-09 12:31:41.000000,257,1.0,0.0
2024-03-09 12:31:41.000000,450,1.0,0.0
2024-03-09 12:31:41.000000,257,1.0,0.0
2024-03-09 12:31:41.000000,449,1.0,0.0
2024-03-09 12:31:41.000000,435,1.0,0.0
2024-03-09 12:31:41.000000,458,1.0,0.0
2024-03-09 12:31:41.000000,457,1.0,0.0
2024-03-09 12:31:41.000000,257,1.0,0.0
2024-03-09 12:31:41.000000,257,1.0,0.0
2024-03-09 12:31:41.000000,456,1.0,0.0
2024-03-09 12:31:41.000000,455,1.0,0.0
2024-03-09 12:31:41.000000,257,1.0,0.0
2024-03-09 12:31:41.000000,443,1.0,0.0
2024-03-09 12:31:41.000000,454,1.0,0.0
2024-03-09 12:31:41.000000,257,1.0,0.0
2024-03-09 12:31:41.000000,257,1.0,0.0
2024-03-09 12:31:41.000000,448,1.0,0.0
2024-03-09 12:31:41.000000,452,1.0,0.0
2024-03-09 12:31:41.000000,447,1.0,0.0
2024-03-09 12:31:41.000000,257,1.0,0.0
2024-03-09 12:31:41.000000,353,1.0,0.0
2024-03-09 12:31:41.000000,353,1.0,0.0
2024-03-09 12:31:41.000000,353,1.0,0.0
2024-03-09 12:31:41.000000,266,1.0,0.0
2024-03-09 12:31:41.000000,352,1.0,0.0
2024-03-09 12:31:41.000000,446,1.0,0.0
2024-03-09 12:31:41.000000,257,1.0,0.0
2024-03-09 12:32:18.000000,192,1.0,0.0
2024-03-09 12:32:21.000000,193,1.0,0.0
2024-03-09 12:32:21.000000,287,1.0,0.0
2024-03-09 12:33:19.000000,433,1.0,0.0
2024-03-09 12:33:19.000000,434,1.0,0.0
2024-03-09 12:33:19.000000,256,1.0,0.0
2024-03-09 12:33:19.000000,435,1.0,0.0
2024-03-09 12:33:19.000000,436,1.0,0.0
2024-03-09 12:33:19.000000,274,1.0,0.0
2024-03-09 12:33:19.000000,437,1.0,0.0
2024-03-09 12:33:19.000000,435,1.0,0.0
2024-03-09 12:33:19.000000,439,1.0,0.0
2024-03-09 12:33:19.000000,440,1.0,0.0
2024-03-09 12:33:19.000000,442,1.0,0.0
2024-03-09 12:33:19.000000,245,1.0,0.0
2024-03-09 12:33:19.000000,443,1.0,0.0
2024-03-09 12:33:19.000000,444,1.0,0.0
2024-03-09 12:33:19.000000,445,1.0,0.0
2024-03-09 12:33:19.000000,212,1.0,0.0
2024-03-09 12:33:19.000000,257,1.0,0.0
2024-03-09 12:33:19.000000,438,1.0,0.0
2024-03-09 12:33:19.000000,196,1.0,0.0
2024-03-09 12:33:19.000000,435,1.0,0.0
2024-03-09 12:33:19.000000,189,1.0,0.0
2024-03-09 12:33:19.000000,195,1.0,0.0
2024-03-09 12:33:19.000000,432,1.0,0.0
2024-03-09 12:33:19.000000,273,1.0,0.0
2024-03-09 12:33:19.000000,272,1.0,0.0
2024-03-09 12:33:19.000000,431,1.0,0.0
2024-03-09 12:33:29.000000,455,1.0,0.0
2024-03-09 12:33:29.000000,447,1.0,0.0
2024-03-09 12:33:29.000000,257,1.0,0.0
2024-03-09 12:33:29.000000,448,1.0,0.0
2024-03-09 12:33:29.000000,257,1.0,0.0
2024-03-09 12:33:29.000000,449,1.0,0.0
2024-03-09 12:33:29.000000,257,1.0,0.0
2024-03-09 12:33:29.000000,450,1.0,0.0
2024-03-09 12:33:29.000000,257,1.0,0.0
2024-03-09 12:33:29.000000,257,1.0,0.0
2024-03-09 12:33:29.000000,451,1.0,0.0
2024-03-09 12:33:29.000000,452,1.0,0.0
2024-03-09 12:33:29.000000,435,1.0,0.0
2024-03-09 12:33:29.000000,257,1.0,0.0
2024-03-09 12:33:29.000000,257,1.0,0.0
2024-03-09 12:33:29.000000,257,1.0,0.0
2024-03-09 12:33:29.000000,454,1.0,0.0
2024-03-09 12:33:29.000000,443,1.0,0.0
2024-03-09 12:33:29.000000,257,1.0,0.0
2024-03-09 12:33:29.000000,456,1.0,0.0
2024-03-09 12:33:29.000000,257,1.0,0.0
2024-03-09 12:33:29.000000,353,1.0,0.0
2024-03-09 12:33:29.000000,352,1.0,0.0
2024-03-09 12:33:29.000000,353,1.0,0.0
2024-03-09 12:33:29.000000,457,1.0,0.0
2024-03-09 12:33:29.000000,353,1.0,0.0
2024-03-09 12:33:29.000000,458,1.0,0.0
2024-03-09 12:33:29.000000,266,1.0,0.0
2024-03-09 12:33:29.000000,446,1.0,0.0
2024-03-09 12:33:52.000000,445,1.0,0.0
2024-03-09 12:33:52.000000,435,1.0,0.0
2024-03-09 12:33:52.000000,434,1.0,0.0
2024-03-09 12:33:52.000000,433,1.0,0.0
2024-03-09 12:33:52.000000,432,1.0,0.0
2024-03-09 12:33:52.000000,436,1.0,0.0
2024-03-09 12:33:52.000000,256,1.0,0.0
2024-03-09 12:33:52.000000,437,1.0,0.0
2024-03-09 12:33:52.000000,438,1.0,0.0
2024-03-09 12:33:52.000000,440,1.0,0.0
2024-03-09 12:33:52.000000,442,1.0,0.0
2024-03-09 12:33:52.000000,435,1.0,0.0
2024-03-09 12:33:52.000000,245,1.0,0.0
2024-03-09 12:33:52.000000,443,1.0,0.0
2024-03-09 12:33:52.000000,444,1.0,0.0
2024-03-09 12:33:52.000000,212,1.0,0.0
2024-03-09 12:33:52.000000,439,1.0,0.0
2024-03-09 12:33:52.000000,435,1.0,0.0
2024-03-09 12:33:52.000000,195,1.0,0.0
2024-03-09 12:33:52.000000,189,1.0,0.0
2024-03-09 12:33:52.000000,431,1.0,0.0
2024-03-09 12:33:53.000000,274,1.0,0.0
2024-03-09 12:33:53.000000,196,1.0,0.0
2024-03-09 12:33:53.000000,272,1.0,0.0
2024-03-09 12:33:53.000000,273,1.0,0.0
2024-03-09 12:33:53.000000,257,1.0,0.0
2024-03-09 12:34:03.000000,257,1.0,0.0
2024-03-09 12:34:03.000000,447,1.0,0.0
2024-03-09 12:34:03.000000,257,1.0,0.0
2024-03-09 12:34:03.000000,448,1.0,0.0
2024-03-09 12:34:03.000000,257,1.0,0.0
2024-03-09 12:34:03.000000,449,1.0,0.0
2024-03-09 12:34:03.000000,257,1.0,0.0
2024-03-09 12:34:03.000000,450,1.0,0.0
2024-03-09 12:34:03.000000,257,1.0,0.0
2024-03-09 12:34:03.000000,451,1.0,0.0
2024-03-09 12:34:03.000000,443,1.0,0.0
2024-03-09 12:34:03.000000,452,1.0,0.0
2024-03-09 12:34:03.000000,435,1.0,0.0
2024-03-09 12:34:03.000000,257,1.0,0.0
2024-03-09 12:34:03.000000,353,1.0,0.0
2024-03-09 12:34:03.000000,446,1.0,0.0
2024-03-09 12:34:03.000000,353,1.0,0.0
2024-03-09 12:34:03.000000,266,1.0,0.0
2024-03-09 12:34:03.000000,352,1.0,0.0
2024-03-09 12:34:03.000000,257,1.0,0.0
2024-03-09 12:34:03.000000,257,1.0,0.0
2024-03-09 12:34:03.000000,455,1.0,0.0
2024-03-09 12:34:03.000000,456,1.0,0.0
2024-03-09 12:34:03.000000,257,1.0,0.0
2024-03-09 12:34:03.000000,257,1.0,0.0
2024-03-09 12:34:03.000000,457,1.0,0.0
2024-03-09 12:34:03.000000,458,1.0,0.0
2024-03-09 12:34:03.000000,353,1.0,0.0
2024-03-09 12:34:03.000000,454,1.0,0.0
2024-03-09 12:34:56.000000,444,1.0,0.0
2024-03-09 12:34:56.000000,256,1.0,0.0
2024-03-09 12:34:56.000000,274,1.0,0.0
2024-03-09 12:34:56.000000,437,1.0,0.0
2024-03-09 12:34:56.000000,438,1.0,0.0
2024-03-09 12:34:56.000000,439,1.0,0.0
2024-03-09 12:34:56.000000,440,1.0,0.0
2024-03-09 12:34:56.000000,442,1.0,0.0
2024-03-09 12:34:56.000000,435,1.0,0.0
2024-03-09 12:34:56.000000,245,1.0,0.0
2024-03-09 12:34:56.000000,257,1.0,0.0
2024-03-09 12:34:56.000000,212,1.0,0.0
2024-03-09 12:34:56.000000,445,1.0,0.0
2024-03-09 12:34:56.000000,436,1.0,0.0
2024-03-09 12:34:56.000000,435,1.0,0.0
2024-03-09 12:34:56.000000,431,1.0,0.0
2024-03-09 12:34:56.000000,196,1.0,0.0
2024-03-09 12:34:56.000000,195,1.0,0.0
2024-03-09 12:34:56.000000,189,1.0,0.0
2024-03-09 12:34:56.000000,435,1.0,0.0
2024-03-09 12:34:56.000000,272,1.0,0.0
2024-03-09 12:34:56.000000,273,1.0,0.0
2024-03-09 12:34:56.000000,443,1.0,0.0
2024-03-09 12:34:56.000000,434,1.0,0.0
2024-03-09 12:34:56.000000,433,1.0,0.0
2024-03-09 12:34:56.000000,432,1.0,0.0
2024-03-09 12:35:06.000000,257,1.0,0.0
2024-03-09 12:35:06.000000,448,1.0,0.0
2024-03-09 12:35:06.000000,257,1.0,0.0
2024-03-09 12:35:06.000000,447,1.0,0.0
2024-03-09 12:35:06.000000,257,1.0,0.0
2024-03-09 12:35:06.000000,257,1.0,0.0
2024-03-09 12:35:06.000000,449,1.0,0.0
2024-03-09 12:35:06.000000,353,1.0,0.0
2024-03-09 12:35:06.000000,266,1.0,0.0
2024-03-09 12:35:06.000000,352,1.0,0.0
2024-03-09 12:35:06.000000,446,1.0,0.0
2024-03-09 12:35:06.000000,353,1.0,0.0
2024-03-09 12:35:06.000000,353,1.0,0.0
2024-03-09 12:35:06.000000,257,1.0,0.0
2024-03-09 12:35:06.000000,443,1.0,0.0
2024-03-09 12:35:06.000000,257,1.0,0.0
2024-03-09 12:35:06.000000,451,1.0,0.0
2024-03-09 12:35:06.000000,458,1.0,0.0
2024-03-09 12:35:06.000000,452,1.0,0.0
2024-03-09 12:35:06.000000,435,1.0,0.0
2024-03-09 12:35:06.000000,257,1.0,0.0
2024-03-09 12:35:06.000000,454,1.0,0.0
2024-03-09 12:35:06.000000,450,1.0,0.0
2024-03-09 12:35:06.000000,257,1.0,0.0
2024-03-09 12:35:06.000000,455,1.0,0.0
2024-03-09 12:35:06.000000,456,1.0,0.0
2024-03-09 12:35:06.000000,257,1.0,0.0
2024-03-09 12:35:06.000000,257,1.0,0.0
2024-03-09 12:35:06.000000,457,1.0,0.0
2024-03-09 12:36:01.000000,192,1.0,0.0
2024-03-09 12:36:03.000000,193,1.0,0.0
2024-03-09 12:36:04.000000,287,1.0,0.0
2024-03-09 12:37:19.000000,435,1.0,0.0
2024-03-09 12:37:19.000000,431,1.0,0.0
2024-03-09 12:37:19.000000,189,1.0,0.0
2024-03-09 12:37:19.000000,195,1.0,0.0
2024-03-09 12:37:19.000000,196,1.0,0.0
2024-03-09 12:37:19.000000,274,1.0,0.0
2024-03-09 12:37:19.000000,272,1.0,0.0
2024-03-09 12:37:19.000000,257,1.0,0.0
2024-03-09 12:37:19.000000,212,1.0,0.0
2024-03-09 12:37:19.000000,445,1.0,0.0
2024-03-09 12:37:19.000000,444,1.0,0.0
2024-03-09 12:37:19.000000,443,1.0,0.0
2024-03-09 12:37:19.000000,245,1.0,0.0
2024-03-09 12:37:19.000000,273,1.0,0.0
2024-03-09 12:37:19.000000,442,1.0,0.0
2024-03-09 12:37:19.000000,256,1.0,0.0
2024-03-09 12:37:19.000000,436,1.0,0.0
2024-03-09 12:37:19.000000,435,1.0,0.0
2024-03-09 12:37:19.000000,434,1.0,0.0
2024-03-09 12:37:19.000000,433,1.0,0.0
2024-03-09 12:37:19.000000,435,1.0,0.0
2024-03-09 12:37:19.000000,437,1.0,0.0
2024-03-09 12:37:19.000000,438,1.0,0.0
2024-03-09 12:37:19.000000,439,1.0,0.0
2024-03-09 12:37:19.000000,440,1.0,0.0
2024-03-09 12:37:19.000000,432,1.0,0.0
2024-03-09 12:37:29.000000,257,1.0,0.0
2024-03-09 12:37:29.000000,457,1.0,0.0
2024-03-09 12:37:29.000000,257,1.0,0.0
2024-03-09 12:37:29.000000,257,1.0,0.0
2024-03-09 12:37:29.000000,456,1.0,0.0
2024-03-09 12:37:29.000000,455,1.0,0.0
2024-03-09 12:37:29.000000,257,1.0,0.0
2024-03-09 12:37:29.000000,443,1.0,0.0
2024-03-09 12:37:29.000000,454,1.0,0.0
2024-03-09 12:37:29.000000,458,1.0,0.0
2024-03-09 12:37:29.000000,452,1.0,0.0
2024-03-09 12:37:29.000000,257,1.0,0.0
2024-03-09 12:37:29.000000,446,1.0,0.0
2024-03-09 12:37:29.000000,352,1.0,0.0
2024-03-09 12:37:29.000000,266,1.0,0.0
2024-03-09 12:37:29.000000,353,1.0,0.0
2024-03-09 12:37:29.000000,353,1.0,0.0
2024-03-09 12:37:29.000000,353,1.0,0.0
2024-03-09 12:37:29.000000,435,1.0,0.0
2024-03-09 12:37:29.000000,257,1.0,0.0
2024-03-09 12:37:29.000000,448,1.0,0.0
2024-03-09 12:37:29.000000,257,1.0,0.0
2024-03-09 12:37:29.000000,257,1.0,0.0
2024-03-09 12:37:29.000000,449,1.0,0.0
2024-03-09 12:37:29.000000,257,1.0,0.0
2024-03-09 12:37:29.000000,450,1.0,0.0
2024-03-09 12:37:29.000000,257,1.0,0.0
2024-03-09 12:37:29.000000,451,1.0,0.0
2024-03-09 12:37:29.000000,447,1.0,0.0
2024-03-09 12:38:33.000000,189,1.0,0.0
2024-03-09 12:38:33.000000,195,1.0,0.0
2024-03-09 12:38:33.000000,433,1.0,0.0
2024-03-09 12:38:33.000000,431,1.0,0.0
2024-03-09 12:38:33.000000,432,1.0,0.0
2024-03-09 12:38:33.000000,434,1.0,0.0
2024-03-09 12:38:34.000000,440,1.0,0.0
2024-03-09 12:38:34.000000,196,1.0,0.0
2024-03-09 12:38:34.000000,257,1.0,0.0
2024-03-09 12:38:34.000000,212,1.0,0.0
2024-03-09 12:38:34.000000,445,1.0,0.0
2024-03-09 12:38:34.000000,439,1.0,0.0
2024-03-09 12:38:34.000000,443,1.0,0.0
2024-03-09 12:38:34.000000,245,1.0,0.0
2024-03-09 12:38:34.000000,435,1.0,0.0
2024-03-09 12:38:34.000000,435,1.0,0.0
2024-03-09 12:38:34.000000,444,1.0,0.0
2024-03-09 12:38:34.000000,274,1.0,0.0
2024-03-09 12:38:34.000000,442,1.0,0.0
2024-03-09 12:38:34.000000,438,1.0,0.0
2024-03-09 12:38:34.000000,272,1.0,0.0
2024-03-09 12:38:34.000000,273,1.0,0.0
2024-03-09 12:38:34.000000,437,1.0,0.0
2024-03-09 12:38:34.000000,256,1.0,0.0
2024-03-09 12:38:34.000000,436,1.0,0.0
2024-03-09 12:38:34.000000,435,1.0,0.0
2024-03-09 12:38:44.000000,449,1.0,0.0
2024-03-09 12:38:44.000000,257,1.0,0.0
2024-03-09 12:38:44.000000,450,1.0,0.0
2024-03-09 12:38:44.000000,257,1.0,0.0
2024-03-09 12:38:44.000000,451,1.0,0.0
2024-03-09 12:38:44.000000,456,1.0,0.0
2024-03-09 12:38:44.000000,452,1.0,0.0
2024-03-09 12:38:44.000000,257,1.0,0.0
2024-03-09 12:38:44.000000,454,1.0,0.0
2024-03-09 12:38:44.000000,443,1.0,0.0
2024-03-09 12:38:44.000000,458,1.0,0.0
2024-03-09 12:38:44.000000,457,1.0,0.0
2024-03-09 12:38:44.000000,257,1.0,0.0
2024-03-09 12:38:44.000000,257,1.0,0.0
2024-03-09 12:38:44.000000,257,1.0,0.0
2024-03-09 12:38:44.000000,455,1.0,0.0
2024-03-09 12:38:44.000000,257,1.0,0.0
2024-03-09 12:38:44.000000,435,1.0,0.0
2024-03-09 12:38:44.000000,257,1.0,0.0
2024-03-09 12:38:44.000000,447,1.0,0.0
2024-03-09 12:38:44.000000,446,1.0,0.0
2024-03-09 12:38:44.000000,352,1.0,0.0
2024-03-09 12:38:44.000000,266,1.0,0.0
2024-03-09 12:38:44.000000,353,1.0,0.0
2024-03-09 12:38:44.000000,353,1.0,0.0
2024-03-09 12:38:44.000000,257,1.0,0.0
2024-03-09 12:38:44.000000,448,1.0,0.0
2024-03-09 12:38:44.000000,257,1.0,0.0
2024-03-09 12:38:44.000000,353,1.0,0.0
2024-03-09 12:39:25.000000,437,1.0,0.0
2024-03-09 12:39:25.000000,256,1.0,0.0
2024-03-09 12:39:25.000000,195,1.0,0.0
2024-03-09 12:39:25.000000,438,1.0,0.0
2024-03-09 12:39:25.000000,435,1.0,0.0
2024-03-09 12:39:25.000000,435,1.0,0.0
2024-03-09 12:39:25.000000,434,1.0,0.0
2024-03-09 12:39:25.000000,433,1.0,0.0
2024-03-09 12:39:25.000000,432,1.0,0.0
2024-03-09 12:39:25.000000,431,1.0,0.0
2024-03-09 12:39:25.000000,436,1.0,0.0
2024-03-09 12:39:25.000000,440,1.0,0.0
2024-03-09 12:39:25.000000,444,1.0,0.0
2024-03-09 12:39:25.000000,439,1.0,0.0
2024-03-09 12:39:25.000000,442,1.0,0.0
2024-03-09 12:39:25.000000,435,1.0,0.0
2024-03-09 12:39:25.000000,245,1.0,0.0
2024-03-09 12:39:25.000000,443,1.0,0.0
2024-03-09 12:39:25.000000,189,1.0,0.0
2024-03-09 12:39:25.000000,445,1.0,0.0
2024-03-09 12:39:25.000000,212,1.0,0.0
2024-03-09 12:39:26.000000,274,1.0,0.0
2024-03-09 12:39:26.000000,272,1.0,0.0
2024-03-09 12:39:26.000000,273,1.0,0.0
2024-03-09 12:39:26.000000,257,1.0,0.0
2024-03-09 12:39:26.000000,196,1.0,0.0
2024-03-09 12:39:36.000000,443,1.0,0.0
2024-03-09 12:39:36.000000,454,1.0,0.0
2024-03-09 12:39:36.000000,455,1.0,0.0
2024-03-09 12:39:36.000000,456,1.0,0.0
2024-03-09 12:39:36.000000,257,1.0,0.0
2024-03-09 12:39:36.000000,450,1.0,0.0
2024-03-09 12:39:36.000000,449,1.0,0.0
2024-03-09 12:39:36.000000,257,1.0,0.0
2024-03-09 12:39:36.000000,451,1.0,0.0
2024-03-09 12:39:36.000000,257,1.0,0.0
2024-03-09 12:39:36.000000,446,1.0,0.0
2024-03-09 12:39:36.000000,452,1.0,0.0
2024-03-09 12:39:36.000000,435,1.0,0.0
2024-03-09 12:39:36.000000,257,1.0,0.0
2024-03-09 12:39:36.000000,257,1.0,0.0
2024-03-09 12:39:36.000000,257,1.0,0.0
2024-03-09 12:39:36.000000,448,1.0,0.0
2024-03-09 12:39:36.000000,352,1.0,0.0
2024-03-09 12:39:36.000000,447,1.0,0.0
2024-03-09 12:39:36.000000,257,1.0,0.0
2024-03-09 12:39:36.000000,257,1.0,0.0
2024-03-09 12:39:36.000000,257,1.0,0.0
2024-03-09 12:39:36.000000,353,1.0,0.0
2024-03-09 12:39:36.000000,457,1.0,0.0
2024-03-09 12:39:36.000000,458,1.0,0.0
2024-03-09 12:39:36.000000,266,1.0,0.0
2024-03-09 12:39:36.000000,353,1.0,0.0
2024-03-09 12:39:36.000000,353,1.0,0.0
2024-03-09 12:39:36.000000,257,1.0,0.0
2024-03-09 12:40:14.000001,554,1.0,0.0
2024-03-09 12:40:15.000000,554,1.0,1.0
2024-03-09 12:40:15.000000,554,1.0,1.0
2024-03-09 12:40:15.000000,554,1.0,1.0
2024-03-09 12:40:15.000000,554,1.0,1.0
2024-03-09 12:40:15.000000,554,1.0,1.0
2024-03-09 12:40:15.000000,554,1.0,1.0
2024-03-09 12:40:15.000000,554,1.0,1.0
2024-03-09 12:40:15.000000,554,1.0,1.0
2024-03-09 12:40:15.000000,554,1.0,1.0
2024-03-09 12:40:32.000000,273,1.0,1.0
2024-03-09 12:40:32.000000,189,1.0,1.0
2024-03-09 12:40:32.000000,437,1.0,1.0
2024-03-09 12:40:32.000000,432,1.0,1.0
2024-03-09 12:40:32.000000,257,1.0,1.0
2024-03-09 12:40:32.000000,212,1.0,1.0
2024-03-09 12:40:32.000000,445,1.0,1.0
2024-03-09 12:40:32.000000,444,1.0,1.0
2024-03-09 12:40:32.000000,443,1.0,1.0
2024-03-09 12:40:32.000000,245,1.0,1.0
2024-03-09 12:40:32.000000,431,1.0,1.0
2024-03-09 12:40:32.000000,442,1.0,1.0
2024-03-09 12:40:32.000000,440,1.0,1.0
2024-03-09 12:40:32.000000,439,1.0,1.0
2024-03-09 12:40:32.000000,438,1.0,1.0
2024-03-09 12:40:32.000000,435,1.0,1.0
2024-03-09 12:40:32.000000,196,1.0,1.0
2024-03-09 12:40:32.000000,274,1.0,1.0
2024-03-09 12:40:32.000000,434,1.0,1.0
2024-03-09 12:40:32.000000,435,1.0,1.0
2024-03-09 12:40:32.000000,433,1.0,1.0
2024-03-09 12:40:32.000000,436,1.0,1.0
2024-03-09 12:40:32.000000,256,1.0,1.0
2024-03-09 12:40:32.000000,272,1.0,1.0
2024-03-09 12:40:32.000000,195,1.0,1.0
2024-03-09 12:40:32.000000,435,1.0,1.0
2024-03-09 12:40:42.000000,446,1.0,1.0
2024-03-09 12:40:42.000000,352,1.0,1.0
2024-03-09 12:40:42.000000,266,1.0,1.0
2024-03-09 12:40:42.000000,353,1.0,1.0
2024-03-09 12:40:42.000000,353,1.0,1.0
2024-03-09 12:40:42.000000,353,1.0,1.0
2024-03-09 12:40:42.000000,257,1.0,1.0
2024-03-09 12:40:42.000000,447,1.0,1.0
2024-03-09 12:40:42.000000,448,1.0,1.0
2024-03-09 12:40:42.000000,257,1.0,1.0
2024-03-09 12:40:42.000000,455,1.0,1.0
2024-03-09 12:40:42.000000,257,1.0,1.0
2024-03-09 12:40:42.000000,443,1.0,1.0
2024-03-09 12:40:42.000000,454,1.0,1.0
2024-03-09 12:40:42.000000,435,1.0,1.0
2024-03-09 12:40:42.000000,452,1.0,1.0
2024-03-09 12:40:42.000000,257,1.0,1.0
2024-03-09 12:40:42.000000,456,1.0,1.0
2024-03-09 12:40:42.000000,257,1.0,1.0
2024-03-09 12:40:42.000000,257,1.0,1.0
2024-03-09 12:40:42.000000,450,1.0,1.0
2024-03-09 12:40:42.000000,257,1.0,1.0
2024-03-09 12:40:42.000000,449,1.0,1.0
2024-03-09 12:40:42.000000,257,1.0,1.0
2024-03-09 12:40:42.000000,457,1.0,1.0
2024-03-09 12:40:42.000000,458,1.0,1.0
2024-03-09 12:40:42.000000,257,1.0,1.0
2024-03-09 12:40:42.000000,451,1.0,1.0
2024-03-09 12:40:42.000000,257,1.0,1.0
2024-03-09 12:41:43.000000,192,1.0,1.0
2024-03-09 12:41:46.000000,193,1.0,1.0
2024-03-09 12:41:48.000000,287,1.0,1.0
2024-03-09 12:43:00.000000,192,1.0,1.0
2024-03-09 12:43:01.000000,193,1.0,1.0
2024-03-09 12:43:02.000000,287,1.0,1.0
2024-03-09 12:43:43.000000,195,1.0,1.0
2024-03-09 12:43:43.000000,431,1.0,1.0
2024-03-09 12:43:43.000000,432,1.0,1.0
2024-03-09 12:43:43.000000,434,1.0,1.0
2024-03-09 12:43:43.000000,189,1.0,1.0
2024-03-09 12:43:43.000000,212,1.0,1.0
2024-03-09 12:43:43.000000,445,1.0,1.0
2024-03-09 12:43:43.000000,444,1.0,1.0
2024-03-09 12:43:43.000000,443,1.0,1.0
2024-03-09 12:43:43.000000,433,1.0,1.0
2024-03-09 12:43:43.000000,435,1.0,1.0
2024-03-09 12:43:43.000000,442,1.0,1.0
2024-03-09 12:43:43.000000,245,1.0,1.0
2024-03-09 12:43:43.000000,439,1.0,1.0
2024-03-09 12:43:43.000000,438,1.0,1.0
2024-03-09 12:43:43.000000,437,1.0,1.0
2024-03-09 12:43:43.000000,256,1.0,1.0
2024-03-09 12:43:43.000000,436,1.0,1.0
2024-03-09 12:43:43.000000,435,1.0,1.0
2024-03-09 12:43:43.000000,440,1.0,1.0
2024-03-09 12:43:43.000000,435,1.0,1.0
2024-03-09 12:43:44.000000,274,1.0,1.0
2024-03-09 12:43:44.000000,196,1.0,1.0
2024-03-09 12:43:44.000000,257,1.0,1.0
2024-03-09 12:43:44.000000,273,1.0,1.0
2024-03-09 12:43:44.000000,272,1.0,1.0
2024-03-09 12:43:54.000000,447,1.0,1.0
2024-03-09 12:43:54.000000,353,1.0,1.0
2024-03-09 12:43:54.000000,456,1.0,1.0
2024-03-09 12:43:54.000000,455,1.0,1.0
2024-03-09 12:43:54.000000,257,1.0,1.0
2024-03-09 12:43:54.000000,257,1.0,1.0
2024-03-09 12:43:54.000000,443,1.0,1.0
2024-03-09 12:43:54.000000,454,1.0,1.0
2024-03-09 12:43:54.000000,257,1.0,1.0
2024-03-09 12:43:54.000000,352,1.0,1.0
2024-03-09 12:43:54.000000,446,1.0,1.0
2024-03-09 12:43:54.000000,457,1.0,1.0
2024-03-09 12:43:54.000000,458,1.0,1.0
2024-03-09 12:43:54.000000,266,1.0,1.0
2024-03-09 12:43:54.000000,353,1.0,1.0
2024-03-09 12:43:54.000000,435,1.0,1.0
2024-03-09 12:43:54.000000,257,1.0,1.0
2024-03-09 12:43:54.000000,257,1.0,1.0
2024-03-09 12:43:54.000000,452,1.0,1.0
2024-03-09 12:43:54.000000,257,1.0,1.0
2024-03-09 12:43:54.000000,451,1.0,1.0
2024-03-09 12:43:54.000000,257,1.0,1.0
2024-03-09 12:43:54.000000,450,1.0,1.0
2024-03-09 12:43:54.000000,257,1.0,1.0
2024-03-09 12:43:54.000000,449,1.0,1.0
2024-03-09 12:43:54.000000,257,1.0,1.0
2024-03-09 12:43:54.000000,448,1.0,1.0
2024-03-09 12:43:54.000000,353,1.0,1.0
2024-03-09 12:43:54.000000,257,1.0,1.0
2024-03-09 12:44:18.000000,442,1.0,1.0
2024-03-09 12:44:18.000000,440,1.0,1.0
2024-03-09 12:44:18.000000,439,1.0,1.0
2024-03-09 12:44:18.000000,435,1.0,1.0
2024-03-09 12:44:18.000000,189,1.0,1.0
2024-03-09 12:44:18.000000,443,1.0,1.0
2024-03-09 12:44:18.000000,444,1.0,1.0
2024-03-09 12:44:18.000000,445,1.0,1.0
2024-03-09 12:44:18.000000,212,1.0,1.0
2024-03-09 12:44:18.000000,257,1.0,1.0
2024-03-09 12:44:18.000000,195,1.0,1.0
2024-03-09 12:44:18.000000,196,1.0,1.0
2024-03-09 12:44:18.000000,274,1.0,1.0
2024-03-09 12:44:18.000000,245,1.0,1.0
2024-03-09 12:44:18.000000,438,1.0,1.0
2024-03-09 12:44:18.000000,437,1.0,1.0
2024-03-09 12:44:18.000000,436,1.0,1.0
2024-03-09 12:44:18.000000,273,1.0,1.0
2024-03-09 12:44:18.000000,431,1.0,1.0
2024-03-09 12:44:18.000000,433,1.0,1.0
2024-03-09 12:44:18.000000,256,1.0,1.0
2024-03-09 12:44:18.000000,432,1.0,1.0
2024-03-09 12:44:18.000000,434,1.0,1.0
2024-03-09 12:44:18.000000,435,1.0,1.0
2024-03-09 12:44:18.000000,435,1.0,1.0
2024-03-09 12:44:18.000000,272,1.0,1.0
2024-03-09 12:44:28.000000,435,1.0,1.0
2024-03-09 12:44:28.000000,450,1.0,1.0
2024-03-09 12:44:28.000000,451,1.0,1.0
2024-03-09 12:44:28.000000,257,1.0,1.0
2024-03-09 12:44:28.000000,452,1.0,1.0
2024-03-09 12:44:28.000000,257,1.0,1.0
2024-03-09 12:44:28.000000,257,1.0,1.0
2024-03-09 12:44:28.000000,443,1.0,1.0
2024-03-09 12:44:28.000000,257,1.0,1.0
2024-03-09 12:44:28.000000,455,1.0,1.0
2024-03-09 12:44:28.000000,456,1.0,1.0
2024-03-09 12:44:28.000000,257,1.0,1.0
2024-03-09 12:44:28.000000,457,1.0,1.0
2024-03-09 12:44:28.000000,458,1.0,1.0
2024-03-09 12:44:28.000000,454,1.0,1.0
2024-03-09 12:44:28.000000,257,1.0,1.0
2024-03-09 12:44:28.000000,257,1.0,1.0
2024-03-09 12:44:28.000000,257,1.0,1.0
2024-03-09 12:44:28.000000,446,1.0,1.0
2024-03-09 12:44:28.000000,352,1.0,1.0
2024-03-09 12:44:28.000000,266,1.0,1.0
2024-03-09 12:44:28.000000,353,1.0,1.0
2024-03-09 12:44:28.000000,353,1.0,1.0
2024-03-09 12:44:28.000000,257,1.0,1.0
2024-03-09 12:44:28.000000,447,1.0,1.0
2024-03-09 12:44:28.000000,353,1.0,1.0
2024-03-09 12:44:28.000000,449,1.0,1.0
2024-03-09 12:44:28.000000,257,1.0,1.0
2024-03-09 12:44:28.000000,448,1.0,1.0
2024-03-09 12:45:08.000000,435,1.0,1.0
2024-03-09 12:45:08.000000,435,1.0,1.0
2024-03-09 12:45:08.000000,436,1.0,1.0
2024-03-09 12:45:08.000000,437,1.0,1.0
2024-03-09 12:45:08.000000,438,1.0,1.0
2024-03-09 12:45:08.000000,439,1.0,1.0
2024-03-09 12:45:08.000000,440,1.0,1.0
2024-03-09 12:45:08.000000,435,1.0,1.0
2024-03-09 12:45:08.000000,212,1.0,1.0
2024-03-09 12:45:08.000000,445,1.0,1.0
2024-03-09 12:45:08.000000,444,1.0,1.0
2024-03-09 12:45:08.000000,442,1.0,1.0
2024-03-09 12:45:08.000000,443,1.0,1.0
2024-03-09 12:45:08.000000,245,1.0,1.0
2024-03-09 12:45:08.000000,434,1.0,1.0
2024-03-09 12:45:08.000000,256,1.0,1.0
2024-03-09 12:45:08.000000,432,1.0,1.0
2024-03-09 12:45:08.000000,431,1.0,1.0
2024-03-09 12:45:08.000000,433,1.0,1.0
2024-03-09 12:45:08.000000,189,1.0,1.0
2024-03-09 12:45:08.000000,195,1.0,1.0
2024-03-09 12:45:09.000000,257,1.0,1.0
2024-03-09 12:45:09.000000,196,1.0,1.0
2024-03-09 12:45:09.000000,274,1.0,1.0
2024-03-09 12:45:09.000000,273,1.0,1.0
2024-03-09 12:45:09.000000,272,1.0,1.0
2024-03-09 12:45:19.000000,450,1.0,1.0
2024-03-09 12:45:19.000000,257,1.0,1.0
2024-03-09 12:45:19.000000,451,1.0,1.0
2024-03-09 12:45:19.000000,458,1.0,1.0
2024-03-09 12:45:19.000000,452,1.0,1.0
2024-03-09 12:45:19.000000,435,1.0,1.0
2024-03-09 12:45:19.000000,257,1.0,1.0
2024-03-09 12:45:19.000000,454,1.0,1.0
2024-03-09 12:45:19.000000,257,1.0,1.0
2024-03-09 12:45:19.000000,257,1.0,1.0
2024-03-09 12:45:19.000000,257,1.0,1.0
2024-03-09 12:45:19.000000,443,1.0,1.0
2024-03-09 12:45:19.000000,257,1.0,1.0
2024-03-09 12:45:19.000000,455,1.0,1.0
2024-03-09 12:45:19.000000,456,1.0,1.0
2024-03-09 12:45:19.000000,457,1.0,1.0
2024-03-09 12:45:19.000000,449,1.0,1.0
2024-03-09 12:45:19.000000,257,1.0,1.0
2024-03-09 12:45:19.000000,448,1.0,1.0
2024-03-09 12:45:19.000000,257,1.0,1.0
2024-03-09 12:45:19.000000,446,1.0,1.0
2024-03-09 12:45:19.000000,266,1.0,1.0
2024-03-09 12:45:19.000000,353,1.0,1.0
2024-03-09 12:45:19.000000,352,1.0,1.0
2024-03-09 12:45:19.000000,353,1.0,1.0
2024-03-09 12:45:19.000000,257,1.0,1.0
2024-03-09 12:45:19.000000,447,1.0,1.0
2024-03-09 12:45:19.000000,257,1.0,1.0
2024-03-09 12:45:19.000000,353,1.0,1.0
2024-03-09 12:45:43.000000,256,1.0,1.0
2024-03-09 12:45:43.000000,437,1.0,1.0
2024-03-09 12:45:43.000000,438,1.0,1.0
2024-03-09 12:45:43.000000,439,1.0,1.0
2024-03-09 12:45:43.000000,440,1.0,1.0
2024-03-09 12:45:43.000000,435,1.0,1.0
2024-03-09 12:45:43.000000,245,1.0,1.0
2024-03-09 12:45:43.000000,443,1.0,1.0
2024-03-09 12:45:43.000000,444,1.0,1.0
2024-03-09 12:45:43.000000,445,1.0,1.0
2024-03-09 12:45:43.000000,273,1.0,1.0
2024-03-09 12:45:43.000000,442,1.0,1.0
2024-03-09 12:45:43.000000,436,1.0,1.0
2024-03-09 12:45:43.000000,435,1.0,1.0
2024-03-09 12:45:43.000000,434,1.0,1.0
2024-03-09 12:45:43.000000,432,1.0,1.0
2024-03-09 12:45:43.000000,431,1.0,1.0
2024-03-09 12:45:43.000000,272,1.0,1.0
2024-03-09 12:45:43.000000,189,1.0,1.0
2024-03-09 12:45:43.000000,257,1.0,1.0
2024-03-09 12:45:43.000000,274,1.0,1.0
2024-03-09 12:45:43.000000,196,1.0,1.0
2024-03-09 12:45:43.000000,195,1.0,1.0
2024-03-09 12:45:43.000000,435,1.0,1.0
2024-03-09 12:45:43.000000,433,1.0,1.0
2024-03-09 12:45:43.000000,212,1.0,1.0
2024-03-09 12:45:53.000000,257,1.0,1.0
2024-03-09 12:45:53.000000,457,1.0,1.0
2024-03-09 12:45:53.000000,446,1.0,1.0
2024-03-09 12:45:53.000000,352,1.0,1.0
2024-03-09 12:45:53.000000,266,1.0,1.0
2024-03-09 12:45:53.000000,353,1.0,1.0
2024-03-09 12:45:53.000000,353,1.0,1.0
2024-03-09 12:45:53.000000,353,1.0,1.0
2024-03-09 12:45:53.000000,257,1.0,1.0
2024-03-09 12:45:53.000000,447,1.0,1.0
2024-03-09 12:45:53.000000,257,1.0,1.0
2024-03-09 12:45:53.000000,448,1.0,1.0
2024-03-09 12:45:53.000000,257,1.0,1.0
2024-03-09 12:45:53.000000,449,1.0,1.0
2024-03-09 12:45:53.000000,435,1.0,1.0
2024-03-09 12:45:53.000000,450,1.0,1.0
2024-03-09 12:45:53.000000,257,1.0,1.0
2024-03-09 12:45:53.000000,456,1.0,1.0
2024-03-09 12:45:53.000000,455,1.0,1.0
2024-03-09 12:45:53.000000,257,1.0,1.0
2024-03-09 12:45:53.000000,443,1.0,1.0
2024-03-09 12:45:53.000000,454,1.0,1.0
2024-03-09 12:45:53.000000,257,1.0,1.0
2024-03-09 12:45:53.000000,458,1.0,1.0
2024-03-09 12:45:53.000000,452,1.0,1.0
2024-03-09 12:45:53.000000,257,1.0,1.0
2024-03-09 12:45:53.000000,451,1.0,1.0
2024-03-09 12:45:53.000000,257,1.0,1.0
2024-03-09 12:45:53.000000,257,1.0,1.0
2024-03-09 12:46:36.000000,192,1.0,1.0
2024-03-09 12:46:39.000000,193,1.0,1.0
2024-03-09 12:46:39.000000,287,1.0,1.0
2024-03-09 12:47:27.000000,257,1.0,1.0
2024-03-09 12:47:27.000000,274,1.0,1.0
2024-03-09 12:47:27.000000,196,1.0,1.0
2024-03-09 12:47:27.000000,195,1.0,1.0
2024-03-09 12:47:27.000000,273,1.0,1.0
2024-03-09 12:47:27.000000,272,1.0,1.0
2024-03-09 12:47:27.000000,212,1.0,1.0
2024-03-09 12:47:27.000000,189,1.0,1.0
2024-03-09 12:47:27.000000,444,1.0,1.0
2024-03-09 12:47:27.000000,445,1.0,1.0
2024-03-09 12:47:27.000000,245,1.0,1.0
2024-03-09 12:47:27.000000,431,1.0,1.0
2024-03-09 12:47:27.000000,432,1.0,1.0
2024-03-09 12:47:27.000000,433,1.0,1.0
2024-03-09 12:47:27.000000,434,1.0,1.0
2024-03-09 12:47:27.000000,443,1.0,1.0
2024-03-09 12:47:27.000000,435,1.0,1.0
2024-03-09 12:47:27.000000,435,1.0,1.0
2024-03-09 12:47:27.000000,436,1.0,1.0
2024-03-09 12:47:27.000000,437,1.0,1.0
2024-03-09 12:47:27.000000,438,1.0,1.0
2024-03-09 12:47:27.000000,439,1.0,1.0
2024-03-09 12:47:27.000000,440,1.0,1.0
2024-03-09 12:47:27.000000,442,1.0,1.0
2024-03-09 12:47:27.000000,435,1.0,1.0
2024-03-09 12:47:27.000000,256,1.0,1.0
2024-03-09 12:47:37.000000,458,1.0,1.0
2024-03-09 12:47:37.000000,257,1.0,1.0
2024-03-09 12:47:37.000000,457,1.0,1.0
2024-03-09 12:47:37.000000,257,1.0,1.0
2024-03-09 12:47:37.000000,257,1.0,1.0
2024-03-09 12:47:37.000000,456,1.0,1.0
2024-03-09 12:47:37.000000,455,1.0,1.0
2024-03-09 12:47:37.000000,443,1.0,1.0
2024-03-09 12:47:37.000000,450,1.0,1.0
2024-03-09 12:47:37.000000,257,1.0,1.0
2024-03-09 12:47:37.000000,446,1.0,1.0
2024-03-09 12:47:37.000000,352,1.0,1.0
2024-03-09 12:47:37.000000,266,1.0,1.0
2024-03-09 12:47:37.000000,353,1.0,1.0
2024-03-09 12:47:37.000000,454,1.0,1.0
2024-03-09 12:47:37.000000,353,1.0,1.0
2024-03-09 12:47:37.000000,353,1.0,1.0
2024-03-09 12:47:37.000000,257,1.0,1.0
2024-03-09 12:47:37.000000,447,1.0,1.0
2024-03-09 12:47:37.000000,448,1.0,1.0
2024-03-09 12:47:37.000000,257,1.0,1.0
2024-03-09 12:47:37.000000,449,1.0,1.0
2024-03-09 12:47:37.000000,257,1.0,1.0
2024-03-09 12:47:37.000000,257,1.0,1.0
2024-03-09 12:47:37.000000,257,1.0,1.0
2024-03-09 12:47:37.000000,435,1.0,1.0
2024-03-09 12:47:37.000000,452,1.0,1.0
2024-03-09 12:47:37.000000,451,1.0,1.0
2024-03-09 12:47:37.000000,257,1.0,1.0
2024-03-09 12:48:17.000000,192,1.0,1.0
2024-03-09 12:48:19.000000,193,1.0,1.0
2024-03-09 12:48:20.000000,287,1.0,1.0
2024-03-09 12:48:55.000000,196,1.0,1.0
2024-03-09 12:48:55.000000,195,1.0,1.0
2024-03-09 12:48:55.000000,274,1.0,1.0
2024-03-09 12:48:55.000000,273,1.0,1.0
2024-03-09 12:48:55.000000,189,1.0,1.0
2024-03-09 12:48:55.000000,272,1.0,1.0
2024-03-09 12:48:55.000000,445,1.0,1.0
2024-03-09 12:48:55.000000,440,1.0,1.0
2024-03-09 12:48:55.000000,443,1.0,1.0
2024-03-09 12:48:55.000000,444,1.0,1.0
2024-03-09 12:48:55.000000,212,1.0,1.0
2024-03-09 12:48:55.000000,257,1.0,1.0
2024-03-09 12:48:55.000000,245,1.0,1.0
2024-03-09 12:48:55.000000,435,1.0,1.0
2024-03-09 12:48:55.000000,442,1.0,1.0
2024-03-09 12:48:55.000000,439,1.0,1.0
2024-03-09 12:48:55.000000,437,1.0,1.0
2024-03-09 12:48:55.000000,438,1.0,1.0
2024-03-09 12:48:55.000000,436,1.0,1.0
2024-03-09 12:48:55.000000,435,1.0,1.0
2024-03-09 12:48:55.000000,435,1.0,1.0
2024-03-09 12:48:55.000000,434,1.0,1.0
2024-03-09 12:48:55.000000,433,1.0,1.0
2024-03-09 12:48:55.000000,432,1.0,1.0
2024-03-09 12:48:55.000000,431,1.0,1.0
2024-03-09 12:48:55.000000,256,1.0,1.0
2024-03-09 12:49:05.000000,257,1.0,1.0
2024-03-09 12:49:05.000000,257,1.0,1.0
2024-03-09 12:49:05.000000,457,1.0,1.0
2024-03-09 12:49:05.000000,266,1.0,1.0
2024-03-09 12:49:05.000000,353,1.0,1.0
2024-03-09 12:49:05.000000,456,1.0,1.0
2024-03-09 12:49:05.000000,458,1.0,1.0
2024-03-09 12:49:05.000000,455,1.0,1.0
2024-03-09 12:49:05.000000,353,1.0,1.0
2024-03-09 12:49:05.000000,443,1.0,1.0
2024-03-09 12:49:05.000000,353,1.0,1.0
2024-03-09 12:49:05.000000,257,1.0,1.0
2024-03-09 12:49:05.000000,447,1.0,1.0
2024-03-09 12:49:05.000000,257,1.0,1.0
2024-03-09 12:49:05.000000,448,1.0,1.0
2024-03-09 12:49:05.000000,257,1.0,1.0
2024-03-09 12:49:05.000000,449,1.0,1.0
2024-03-09 12:49:05.000000,257,1.0,1.0
2024-03-09 12:49:05.000000,450,1.0,1.0
2024-03-09 12:49:05.000000,257,1.0,1.0
2024-03-09 12:49:05.000000,451,1.0,1.0
2024-03-09 12:49:05.000000,352,1.0,1.0
2024-03-09 12:49:05.000000,257,1.0,1.0
2024-03-09 12:49:05.000000,257,1.0,1.0
2024-03-09 12:49:05.000000,446,1.0,1.0
2024-03-09 12:49:05.000000,454,1.0,1.0
2024-03-09 12:49:05.000000,257,1.0,1.0
2024-03-09 12:49:05.000000,435,1.0,1.0
2024-03-09 12:49:05.000000,452,1.0,1.0
2024-03-09 12:50:16.000000,439,1.0,1.0
2024-03-09 12:50:16.000000,212,1.0,1.0
2024-03-09 12:50:16.000000,431,1.0,1.0
2024-03-09 12:50:16.000000,432,1.0,1.0
2024-03-09 12:50:16.000000,433,1.0,1.0
2024-03-09 12:50:16.000000,437,1.0,1.0
2024-03-09 12:50:16.000000,435,1.0,1.0
2024-03-09 12:50:16.000000,435,1.0,1.0
2024-03-09 12:50:16.000000,195,1.0,1.0
2024-03-09 12:50:16.000000,434,1.0,1.0
2024-03-09 12:50:16.000000,256,1.0,1.0
2024-03-09 12:50:16.000000,436,1.0,1.0
2024-03-09 12:50:16.000000,442,1.0,1.0
2024-03-09 12:50:16.000000,435,1.0,1.0
2024-03-09 12:50:16.000000,245,1.0,1.0
2024-03-09 12:50:16.000000,443,1.0,1.0
2024-03-09 12:50:16.000000,444,1.0,1.0
2024-03-09 12:50:16.000000,445,1.0,1.0
2024-03-09 12:50:16.000000,440,1.0,1.0
2024-03-09 12:50:16.000000,438,1.0,1.0
2024-03-09 12:50:16.000000,189,1.0,1.0
2024-03-09 12:50:17.000000,554,1.0,1.0
2024-03-09 12:50:17.000000,554,1.0,1.0
2024-03-09 12:50:17.000000,554,1.0,1.0
2024-03-09 12:50:17.000000,554,1.0,1.0
2024-03-09 12:50:17.000000,554,1.0,1.0
2024-03-09 12:50:17.000000,554,1.0,1.0
2024-03-09 12:50:17.000000,554,1.0,1.0
2024-03-09 12:50:17.000000,273,1.0,1.0
2024-03-09 12:50:17.000000,554,1.0,1.0
2024-03-09 12:50:17.000000,140,1.0,1.0
2024-03-09 12:50:17.000000,257,1.0,1.0
2024-03-09 12:50:17.000000,196,1.0,1.0
2024-03-09 12:50:17.000000,274,1.0,1.0
2024-03-09 12:50:17.000000,272,1.0,1.0
2024-03-09 12:50:17.000000,554,1.0,1.0
2024-03-09 12:50:17.000000,554,1.0,1.0
2024-03-09 12:50:27.000000,457,1.0,1.0
2024-03-09 12:50:27.000000,446,1.0,1.0
2024-03-09 12:50:27.000000,257,1.0,1.0
2024-03-09 12:50:27.000000,257,1.0,1.0
2024-03-09 12:50:27.000000,456,1.0,1.0
2024-03-09 12:50:27.000000,455,1.0,1.0
2024-03-09 12:50:27.000000,257,1.0,1.0
2024-03-09 12:50:27.000000,454,1.0,1.0
2024-03-09 12:50:27.000000,458,1.0,1.0
2024-03-09 12:50:27.000000,435,1.0,1.0
2024-03-09 12:50:27.000000,452,1.0,1.0
2024-03-09 12:50:27.000000,257,1.0,1.0
2024-03-09 12:50:27.000000,451,1.0,1.0
2024-03-09 12:50:27.000000,257,1.0,1.0
2024-03-09 12:50:27.000000,257,1.0,1.0
2024-03-09 12:50:27.000000,257,1.0,1.0
2024-03-09 12:50:27.000000,450,1.0,1.0
2024-03-09 12:50:27.000000,352,1.0,1.0
2024-03-09 12:50:27.000000,266,1.0,1.0
2024-03-09 12:50:27.000000,353,1.0,1.0
2024-03-09 12:50:27.000000,353,1.0,1.0
2024-03-09 12:50:27.000000,353,1.0,1.0
2024-03-09 12:50:27.000000,443,1.0,1.0
2024-03-09 12:50:27.000000,447,1.0,1.0
2024-03-09 12:50:27.000000,257,1.0,1.0
2024-03-09 12:50:27.000000,448,1.0,1.0
2024-03-09 12:50:27.000000,257,1.0,1.0
2024-03-09 12:50:27.000000,449,1.0,1.0
2024-03-09 12:50:27.000000,257,1.0,1.0
2024-03-09 12:50:31.000000,554,1.0,1.0
2024-03-09 12:50:31.000000,554,1.0,1.0
2024-03-09 12:50:31.000000,554,1.0,1.0
2024-03-09 12:50:31.000000,554,1.0,1.0
2024-03-09 12:50:31.000000,554,1.0,1.0
2024-03-09 12:50:31.000000,554,1.0,1.0
2024-03-09 12:50:31.000000,554,1.0,1.0
2024-03-09 12:50:31.000000,554,1.0,1.0
2024-03-09 12:50:31.000000,554,1.0,1.0
2024-03-09 12:50:31.000000,554,1.0,1.0
2024-03-09 12:50:31.000000,140,1.0,1.0
2024-03-09 12:51:06.000000,554,1.0,1.0
2024-03-09 12:51:06.000000,554,1.0,1.0
2024-03-09 12:51:06.000000,140,1.0,1.0
2024-03-09 12:51:06.000000,554,1.0,1.0
2024-03-09 12:51:06.000000,554,1.0,1.0
2024-03-09 12:51:06.000000,554,1.0,1.0
2024-03-09 12:51:06.000000,554,1.0,1.0
2024-03-09 12:51:06.000000,554,1.0,1.0
2024-03-09 12:51:06.000000,554,1.0,1.0
2024-03-09 12:51:06.000000,554,1.0,1.0
2024-03-09 12:51:06.000000,554,1.0,1.0
2024-03-09 12:51:21.000000,440,1.0,1.0
2024-03-09 12:51:21.000000,439,1.0,1.0
2024-03-09 12:51:21.000000,438,1.0,1.0
2024-03-09 12:51:21.000000,435,1.0,1.0
2024-03-09 12:51:21.000000,435,1.0,1.0
2024-03-09 12:51:21.000000,245,1.0,1.0
2024-03-09 12:51:21.000000,443,1.0,1.0
2024-03-09 12:51:21.000000,444,1.0,1.0
2024-03-09 12:51:21.000000,445,1.0,1.0
2024-03-09 12:51:21.000000,212,1.0,1.0
2024-03-09 12:51:21.000000,437,1.0,1.0
2024-03-09 12:51:21.000000,256,1.0,1.0
2024-03-09 12:51:21.000000,435,1.0,1.0
2024-03-09 12:51:21.000000,442,1.0,1.0
2024-03-09 12:51:21.000000,140,1.0,1.0
2024-03-09 12:51:21.000000,433,1.0,1.0
2024-03-09 12:51:21.000000,432,1.0,1.0
2024-03-09 12:51:21.000000,431,1.0,1.0
2024-03-09 12:51:21.000000,257,1.0,1.0
2024-03-09 12:51:21.000000,554,1.0,1.0
2024-03-09 12:51:21.000000,554,1.0,1.0
2024-03-09 12:51:21.000000,554,1.0,1.0
2024-03-09 12:51:21.000000,554,1.0,1.0
2024-03-09 12:51:21.000000,554,1.0,1.0
2024-03-09 12:51:21.000000,554,1.0,1.0
2024-03-09 12:51:21.000000,554,1.0,1.0
2024-03-09 12:51:21.000000,554,1.0,1.0
2024-03-09 12:51:21.000000,554,1.0,1.0
2024-03-09 12:51:21.000000,554,1.0,1.0
2024-03-09 12:51:21.000000,434,1.0,1.0
2024-03-09 12:51:21.000000,189,1.0,1.0
2024-03-09 12:51:21.000000,436,1.0,1.0
2024-03-09 12:51:21.000000,272,1.0,1.0
2024-03-09 12:51:21.000000,195,1.0,1.0
2024-03-09 12:51:21.000000,196,1.0,1.0
2024-03-09 12:51:21.000000,274,1.0,1.0
2024-03-09 12:51:21.000000,273,1.0,1.0
2024-03-09 12:51:31.000000,257,1.0,1.0
2024-03-09 12:51:31.000000,456,1.0,1.0
2024-03-09 12:51:31.000000,455,1.0,1.0
2024-03-09 12:51:31.000000,257,1.0,1.0
2024-03-09 12:51:31.000000,452,1.0,1.0
2024-03-09 12:51:31.000000,458,1.0,1.0
2024-03-09 12:51:31.000000,457,1.0,1.0
2024-03-09 12:51:31.000000,443,1.0,1.0
2024-03-09 12:51:31.000000,257,1.0,1.0
2024-03-09 12:51:31.000000,257,1.0,1.0
2024-03-09 12:51:31.000000,435,1.0,1.0
2024-03-09 12:51:31.000000,446,1.0,1.0
2024-03-09 12:51:31.000000,352,1.0,1.0
2024-03-09 12:51:31.000000,266,1.0,1.0
2024-03-09 12:51:31.000000,257,1.0,1.0
2024-03-09 12:51:31.000000,353,1.0,1.0
2024-03-09 12:51:31.000000,451,1.0,1.0
2024-03-09 12:51:31.000000,257,1.0,1.0
2024-03-09 12:51:31.000000,353,1.0,1.0
2024-03-09 12:51:31.000000,450,1.0,1.0
2024-03-09 12:51:31.000000,257,1.0,1.0
2024-03-09 12:51:31.000000,449,1.0,1.0
2024-03-09 12:51:31.000000,454,1.0,1.0
2024-03-09 12:51:31.000000,257,1.0,1.0
2024-03-09 12:51:31.000000,448,1.0,1.0
2024-03-09 12:51:31.000000,257,1.0,1.0
2024-03-09 12:51:31.000000,447,1.0,1.0
2024-03-09 12:51:31.000000,257,1.0,1.0
2024-03-09 12:51:31.000000,353,1.0,1.0
2024-03-09 12:51:54.000000,140,1.0,1.0
2024-03-09 12:51:54.000000,554,1.0,1.0
2024-03-09 12:51:54.000000,554,1.0,1.0
2024-03-09 12:51:54.000000,554,1.0,1.0
2024-03-09 12:51:54.000000,554,1.0,1.0
2024-03-09 12:51:54.000000,554,1.0,1.0
2024-03-09 12:51:54.000000,554,1.0,1.0
2024-03-09 12:51:54.000000,554,1.0,1.0
2024-03-09 12:51:54.000000,554,1.0,1.0
2024-03-09 12:51:54.000000,554,1.0,1.0
2024-03-09 12:51:54.000000,554,1.0,1.0
2024-03-09 12:52:18.000000,554,1.0,1.0
2024-03-09 12:52:18.000000,554,1.0,1.0
2024-03-09 12:52:18.000000,140,1.0,1.0
2024-03-09 12:52:18.000000,554,1.0,1.0
2024-03-09 12:52:18.000000,554,1.0,1.0
2024-03-09 12:52:18.000000,554,1.0,1.0
2024-03-09 12:52:18.000000,554,1.0,1.0
2024-03-09 12:52:18.000000,554,1.0,1.0
2024-03-09 12:52:18.000000,554,1.0,1.0
2024-03-09 12:52:18.000000,554,1.0,1.0
2024-03-09 12:52:18.000000,554,1.0,1.0
2024-03-09 12:52:37.000000,192,1.0,1.0
2024-03-09 12:52:38.000000,193,1.0,1.0
2024-03-09 12:52:39.000000,287,1.0,1.0
2024-03-09 12:52:41.000000,554,1.0,1.0
2024-03-09 12:52:41.000000,554,1.0,1.0
2024-03-09 12:52:41.000000,554,1.0,1.0
2024-03-09 12:52:41.000000,554,1.0,1.0
2024-03-09 12:52:41.000000,140,1.0,1.0
2024-03-09 12:52:41.000000,554,1.0,1.0
2024-03-09 12:52:41.000000,554,1.0,1.0
2024-03-09 12:52:41.000000,554,1.0,1.0
2024-03-09 12:52:41.000000,554,1.0,1.0
2024-03-09 12:52:41.000000,554,1.0,1.0
2024-03-09 12:52:41.000000,554,1.0,1.0
2024-03-09 12:53:05.000000,554,1.0,1.0
2024-03-09 12:53:05.000000,554,1.0,1.0
2024-03-09 12:53:05.000000,554,1.0,1.0
2024-03-09 12:53:05.000000,554,1.0,1.0
2024-03-09 12:53:05.000000,554,1.0,1.0
2024-03-09 12:53:05.000000,140,1.0,1.0
2024-03-09 12:53:05.000000,554,1.0,1.0
2024-03-09 12:53:05.000000,554,1.0,1.0
2024-03-09 12:53:05.000000,554,1.0,1.0
2024-03-09 12:53:05.000000,554,1.0,1.0
2024-03-09 12:53:05.000000,554,1.0,1.0
2024-03-09 12:53:16.000000,192,1.0,1.0
2024-03-09 12:53:18.000000,193,1.0,1.0
2024-03-09 12:53:20.000000,287,1.0,1.0
2024-03-09 12:53:22.000000,554,1.0,1.0
2024-03-09 12:53:22.000000,554,1.0,1.0
2024-03-09 12:53:22.000000,554,1.0,1.0
2024-03-09 12:53:22.000000,554,1.0,1.0
2024-03-09 12:53:22.000000,140,1.0,1.0
2024-03-09 12:53:22.000000,554,1.0,1.0
2024-03-09 12:53:22.000000,554,1.0,1.0
2024-03-09 12:53:22.000000,554,1.0,1.0
2024-03-09 12:53:22.000000,554,1.0,1.0
2024-03-09 12:53:22.000000,554,1.0,1.0
2024-03-09 12:53:22.000000,554,1.0,1.0
2024-03-09 12:53:34.000000,554,1.0,1.0
2024-03-09 12:53:34.000000,554,1.0,1.0
2024-03-09 12:53:34.000000,140,1.0,1.0
2024-03-09 12:53:34.000000,554,1.0,1.0
2024-03-09 12:53:34.000000,554,1.0,1.0
2024-03-09 12:53:34.000000,554,1.0,1.0
2024-03-09 12:53:34.000000,554,1.0,1.0
2024-03-09 12:53:34.000000,554,1.0,1.0
2024-03-09 12:53:34.000000,554,1.0,1.0
2024-03-09 12:53:34.000000,554,1.0,1.0
2024-03-09 12:53:34.000000,554,1.0,1.0
2024-03-09 12:53:48.000000,554,1.0,1.0
2024-03-09 12:53:48.000000,554,1.0,1.0
2024-03-09 12:53:48.000000,554,1.0,1.0
2024-03-09 12:53:48.000000,554,1.0,1.0
2024-03-09 12:53:48.000000,554,1.0,1.0
2024-03-09 12:53:48.000000,554,1.0,1.0
2024-03-09 12:53:48.000000,554,1.0,1.0
2024-03-09 12:53:48.000000,554,1.0,1.0
2024-03-09 12:53:48.000000,554,1.0,1.0
2024-03-09 12:53:48.000000,554,1.0,1.0
2024-03-09 12:53:48.000000,140,1.0,1.0
2024-03-09 12:53:59.000000,435,1.0,1.0
2024-03-09 12:53:59.000000,443,1.0,1.0
2024-03-09 12:53:59.000000,272,1.0,1.0
2024-03-09 12:53:59.000000,273,1.0,1.0
2024-03-09 12:53:59.000000,431,1.0,1.0
2024-03-09 12:53:59.000000,432,1.0,1.0
2024-03-09 12:53:59.000000,433,1.0,1.0
2024-03-09 12:53:59.000000,434,1.0,1.0
2024-03-09 12:53:59.000000,442,1.0,1.0
2024-03-09 12:53:59.000000,195,1.0,1.0
2024-03-09 12:53:59.000000,274,1.0,1.0
2024-03-09 12:53:59.000000,435,1.0,1.0
2024-03-09 12:53:59.000000,435,1.0,1.0
2024-03-09 12:53:59.000000,256,1.0,1.0
2024-03-09 12:53:59.000000,437,1.0,1.0
2024-03-09 12:53:59.000000,245,1.0,1.0
2024-03-09 12:53:59.000000,438,1.0,1.0
2024-03-09 12:53:59.000000,439,1.0,1.0
2024-03-09 12:53:59.000000,440,1.0,1.0
2024-03-09 12:53:59.000000,196,1.0,1.0
2024-03-09 12:53:59.000000,189,1.0,1.0
2024-03-09 12:53:59.000000,436,1.0,1.0
2024-03-09 12:53:59.000000,444,1.0,1.0
2024-03-09 12:53:59.000000,445,1.0,1.0
2024-03-09 12:53:59.000000,212,1.0,1.0
2024-03-09 12:53:59.000000,257,1.0,1.0
2024-03-09 12:54:01.000000,554,1.0,1.0
2024-03-09 12:54:01.000000,554,1.0,1.0
2024-03-09 12:54:01.000000,554,1.0,1.0
2024-03-09 12:54:01.000000,554,1.0,1.0
2024-03-09 12:54:01.000000,554,1.0,1.0
2024-03-09 12:54:01.000000,554,1.0,1.0
2024-03-09 12:54:01.000000,554,1.0,1.0
2024-03-09 12:54:01.000000,554,1.0,1.0
2024-03-09 12:54:01.000000,140,1.0,1.0
2024-03-09 12:54:01.000000,554,1.0,1.0
2024-03-09 12:54:01.000000,554,1.0,1.0
2024-03-09 12:54:09.000000,257,1.0,1.0
2024-03-09 12:54:09.000000,454,1.0,1.0
2024-03-09 12:54:09.000000,443,1.0,1.0
2024-03-09 12:54:09.000000,257,1.0,1.0
2024-03-09 12:54:09.000000,450,1.0,1.0
2024-03-09 12:54:09.000000,435,1.0,1.0
2024-03-09 12:54:09.000000,455,1.0,1.0
2024-03-09 12:54:09.000000,456,1.0,1.0
2024-03-09 12:54:09.000000,257,1.0,1.0
2024-03-09 12:54:09.000000,257,1.0,1.0
2024-03-09 12:54:09.000000,457,1.0,1.0
2024-03-09 12:54:09.000000,458,1.0,1.0
2024-03-09 12:54:09.000000,452,1.0,1.0
2024-03-09 12:54:09.000000,257,1.0,1.0
2024-03-09 12:54:09.000000,257,1.0,1.0
2024-03-09 12:54:09.000000,446,1.0,1.0
2024-03-09 12:54:09.000000,257,1.0,1.0
2024-03-09 12:54:09.000000,451,1.0,1.0
2024-03-09 12:54:09.000000,448,1.0,1.0
2024-03-09 12:54:09.000000,257,1.0,1.0
2024-03-09 12:54:09.000000,447,1.0,1.0
2024-03-09 12:54:09.000000,257,1.0,1.0
2024-03-09 12:54:09.000000,449,1.0,1.0
2024-03-09 12:54:09.000000,353,1.0,1.0
2024-03-09 12:54:09.000000,353,1.0,1.0
2024-03-09 12:54:09.000000,266,1.0,1.0
2024-03-09 12:54:09.000000,257,1.0,1.0
2024-03-09 12:54:09.000000,352,1.0,1.0
2024-03-09 12:54:09.000000,353,1.0,1.0
2024-03-09 12:54:22.000000,554,1.0,1.0
2024-03-09 12:54:22.000000,554,1.0,1.0
2024-03-09 12:54:22.000000,554,1.0,1.0
2024-03-09 12:54:22.000000,554,1.0,1.0
2024-03-09 12:54:22.000000,554,1.0,1.0
2024-03-09 12:54:22.000000,554,1.0,1.0
2024-03-09 12:54:22.000000,554,1.0,1.0
2024-03-09 12:54:22.000000,554,1.0,1.0
2024-03-09 12:54:22.000000,554,1.0,1.0
2024-03-09 12:54:22.000000,140,1.0,1.0
2024-03-09 12:54:22.000000,554,1.0,1.0
2024-03-09 12:54:44.000000,554,1.0,1.0
2024-03-09 12:54:44.000000,140,1.0,1.0
2024-03-09 12:54:44.000000,554,1.0,1.0
2024-03-09 12:54:44.000000,554,1.0,1.0
2024-03-09 12:54:44.000000,554,1.0,1.0
2024-03-09 12:54:44.000000,554,1.0,1.0
2024-03-09 12:54:44.000000,554,1.0,1.0
2024-03-09 12:54:44.000000,554,1.0,1.0
2024-03-09 12:54:44.000000,554,1.0,1.0
2024-03-09 12:54:44.000000,554,1.0,1.0
2024-03-09 12:54:44.000000,554,1.0,1.0
2024-03-09 12:55:01.000000,554,1.0,1.0
2024-03-09 12:55:01.000000,554,1.0,1.0
2024-03-09 12:55:01.000000,554,1.0,1.0
2024-03-09 12:55:01.000000,554,1.0,1.0
2024-03-09 12:55:01.000000,554,1.0,1.0
2024-03-09 12:55:01.000000,554,1.0,1.0
2024-03-09 12:55:01.000000,554,1.0,1.0
2024-03-09 12:55:01.000000,554,1.0,1.0
2024-03-09 12:55:01.000000,140,1.0,1.0
2024-03-09 12:55:01.000000,554,1.0,1.0
2024-03-09 12:55:01.000000,554,1.0,1.0
2024-03-09 12:55:09.000000,554,1.0,1.0
2024-03-09 12:55:09.000000,554,1.0,1.0
2024-03-09 12:55:09.000000,554,1.0,1.0
2024-03-09 12:55:09.000000,554,1.0,1.0
2024-03-09 12:55:09.000000,554,1.0,1.0
2024-03-09 12:55:09.000000,554,1.0,1.0
2024-03-09 12:55:09.000000,554,1.0,1.0
2024-03-09 12:55:09.000000,554,1.0,1.0
2024-03-09 12:55:09.000000,554,1.0,1.0
2024-03-09 12:55:09.000000,554,1.0,1.0
2024-03-09 12:55:09.000000,140,1.0,1.0
2024-03-09 12:55:13.000000,192,1.0,1.0
2024-03-09 12:55:15.000000,287,1.0,1.0
2024-03-09 12:55:15.000000,193,1.0,1.0
2024-03-09 12:55:18.000000,554,1.0,1.0
2024-03-09 12:55:18.000000,554,1.0,1.0
2024-03-09 12:55:18.000000,554,1.0,1.0
2024-03-09 12:55:18.000000,554,1.0,1.0
2024-03-09 12:55:18.000000,554,1.0,1.0
2024-03-09 12:55:18.000000,140,1.0,1.0
2024-03-09 12:55:18.000000,554,1.0,1.0
2024-03-09 12:55:18.000000,554,1.0,1.0
2024-03-09 12:55:18.000000,554,1.0,1.0
2024-03-09 12:55:18.000000,554,1.0,1.0
2024-03-09 12:55:18.000000,554,1.0,1.0
2024-03-09 12:55:29.000000,554,1.0,1.0
2024-03-09 12:55:29.000000,554,1.0,1.0
2024-03-09 12:55:29.000000,554,1.0,1.0
2024-03-09 12:55:29.000000,554,1.0,1.0
2024-03-09 12:55:29.000000,554,1.0,1.0
2024-03-09 12:55:29.000000,554,1.0,1.0
2024-03-09 12:55:29.000000,554,1.0,1.0
2024-03-09 12:55:29.000000,554,1.0,1.0
2024-03-09 12:55:29.000000,554,1.0,1.0
2024-03-09 12:55:29.000000,140,1.0,1.0
2024-03-09 12:55:29.000000,554,1.0,1.0
2024-03-09 12:55:45.000000,554,1.0,1.0
2024-03-09 12:55:45.000000,554,1.0,1.0
2024-03-09 12:55:45.000000,554,1.0,1.0
2024-03-09 12:55:45.000000,554,1.0,1.0
2024-03-09 12:55:45.000000,554,1.0,1.0
2024-03-09 12:55:45.000000,554,1.0,1.0
2024-03-09 12:55:45.000000,554,1.0,1.0
2024-03-09 12:55:45.000000,140,1.0,1.0
2024-03-09 12:55:45.000000,554,1.0,1.0
2024-03-09 12:55:45.000000,554,1.0,1.0
2024-03-09 12:55:45.000000,554,1.0,1.0
2024-03-09 12:55:56.000000,554,1.0,1.0
2024-03-09 12:55:56.000000,554,1.0,1.0
2024-03-09 12:55:56.000000,554,1.0,1.0
2024-03-09 12:55:56.000000,554,1.0,1.0
2024-03-09 12:55:56.000000,554,1.0,1.0
2024-03-09 12:55:56.000000,554,1.0,1.0
2024-03-09 12:55:56.000000,554,1.0,1.0
2024-03-09 12:55:56.000000,554,1.0,1.0
2024-03-09 12:55:56.000000,140,1.0,1.0
2024-03-09 12:55:56.000000,554,1.0,1.0
2024-03-09 12:55:56.000000,554,1.0,1.0
2024-03-09 12:56:02.000000,554,1.0,1.0
2024-03-09 12:56:02.000000,554,1.0,1.0
2024-03-09 12:56:02.000000,554,1.0,1.0
2024-03-09 12:56:02.000000,554,1.0,1.0
2024-03-09 12:56:02.000000,554,1.0,1.0
2024-03-09 12:56:02.000000,554,1.0,1.0
2024-03-09 12:56:02.000000,554,1.0,1.0
2024-03-09 12:56:02.000000,140,1.0,1.0
2024-03-09 12:56:02.000000,554,1.0,1.0
2024-03-09 12:56:02.000000,554,1.0,1.0
2024-03-09 12:56:02.000000,554,1.0,1.0
2024-03-09 12:56:11.000000,554,1.0,1.0
2024-03-09 12:56:11.000000,554,1.0,1.0
2024-03-09 12:56:11.000000,554,1.0,1.0
2024-03-09 12:56:11.000000,554,1.0,1.0
2024-03-09 12:56:11.000000,554,1.0,1.0
2024-03-09 12:56:11.000000,554,1.0,1.0
2024-03-09 12:56:11.000000,554,1.0,1.0
2024-03-09 12:56:11.000000,554,1.0,1.0
2024-03-09 12:56:11.000000,554,1.0,1.0
2024-03-09 12:56:11.000000,140,1.0,1.0
2024-03-09 12:56:11.000000,554,1.0,1.0
2024-03-09 12:56:20.000000,554,1.0,1.0
2024-03-09 12:56:20.000000,554,1.0,1.0
2024-03-09 12:56:20.000000,554,1.0,1.0
2024-03-09 12:56:20.000000,554,1.0,1.0
2024-03-09 12:56:20.000000,554,1.0,1.0
2024-03-09 12:56:20.000000,554,1.0,1.0
2024-03-09 12:56:20.000000,554,1.0,1.0
2024-03-09 12:56:20.000000,554,1.0,1.0
2024-03-09 12:56:20.000000,554,1.0,1.0
2024-03-09 12:56:20.000000,554,1.0,1.0
2024-03-09 12:56:20.000000,140,1.0,1.0
2024-03-09 12:56:26.000000,189,1.0,1.0
2024-03-09 12:56:26.000000,432,1.0,1.0
2024-03-09 12:56:26.000000,433,1.0,1.0
2024-03-09 12:56:26.000000,195,1.0,1.0
2024-03-09 12:56:26.000000,434,1.0,1.0
2024-03-09 12:56:26.000000,431,1.0,1.0
2024-03-09 12:56:27.000000,442,1.0,1.0
2024-03-09 12:56:27.000000,438,1.0,1.0
2024-03-09 12:56:27.000000,439,1.0,1.0
2024-03-09 12:56:27.000000,440,1.0,1.0
2024-03-09 12:56:27.000000,435,1.0,1.0
2024-03-09 12:56:27.000000,212,1.0,1.0
2024-03-09 12:56:27.000000,443,1.0,1.0
2024-03-09 12:56:27.000000,445,1.0,1.0
2024-03-09 12:56:27.000000,437,1.0,1.0
2024-03-09 12:56:27.000000,257,1.0,1.0
2024-03-09 12:56:27.000000,272,1.0,1.0
2024-03-09 12:56:27.000000,273,1.0,1.0
2024-03-09 12:56:27.000000,196,1.0,1.0
2024-03-09 12:56:27.000000,274,1.0,1.0
2024-03-09 12:56:27.000000,245,1.0,1.0
2024-03-09 12:56:27.000000,256,1.0,1.0
2024-03-09 12:56:27.000000,444,1.0,1.0
2024-03-09 12:56:27.000000,435,1.0,1.0
2024-03-09 12:56:27.000000,435,1.0,1.0
2024-03-09 12:56:27.000000,436,1.0,1.0
2024-03-09 12:56:28.000000,554,1.0,1.0
2024-03-09 12:56:28.000000,554,1.0,1.0
2024-03-09 12:56:28.000000,554,1.0,1.0
2024-03-09 12:56:28.000000,554,1.0,1.0
2024-03-09 12:56:28.000000,554,1.0,1.0
2024-03-09 12:56:28.000000,554,1.0,1.0
2024-03-09 12:56:28.000000,554,1.0,1.0
2024-03-09 12:56:28.000000,554,1.0,1.0
2024-03-09 12:56:28.000000,140,1.0,1.0
2024-03-09 12:56:28.000000,554,1.0,1.0
2024-03-09 12:56:28.000000,554,1.0,1.0
2024-03-09 12:56:33.000000,554,1.0,1.0
2024-03-09 12:56:33.000000,140,1.0,1.0
2024-03-09 12:56:33.000000,554,1.0,1.0
2024-03-09 12:56:33.000000,554,1.0,1.0
2024-03-09 12:56:33.000000,554,1.0,1.0
2024-03-09 12:56:33.000000,554,1.0,1.0
2024-03-09 12:56:33.000000,554,1.0,1.0
2024-03-09 12:56:33.000000,554,1.0,1.0
2024-03-09 12:56:33.000000,554,1.0,1.0
2024-03-09 12:56:33.000000,554,1.0,1.0
2024-03-09 12:56:33.000000,554,1.0,1.0
2024-03-09 12:56:37.000000,456,1.0,1.0
2024-03-09 12:56:37.000000,435,1.0,1.0
2024-03-09 12:56:37.000000,257,1.0,1.0
2024-03-09 12:56:37.000000,454,1.0,1.0
2024-03-09 12:56:37.000000,443,1.0,1.0
2024-03-09 12:56:37.000000,455,1.0,1.0
2024-03-09 12:56:37.000000,257,1.0,1.0
2024-03-09 12:56:37.000000,257,1.0,1.0
2024-03-09 12:56:37.000000,257,1.0,1.0
2024-03-09 12:56:37.000000,257,1.0,1.0
2024-03-09 12:56:37.000000,446,1.0,1.0
2024-03-09 12:56:37.000000,352,1.0,1.0
2024-03-09 12:56:37.000000,266,1.0,1.0
2024-03-09 12:56:37.000000,353,1.0,1.0
2024-03-09 12:56:37.000000,353,1.0,1.0
2024-03-09 12:56:37.000000,353,1.0,1.0
2024-03-09 12:56:37.000000,257,1.0,1.0
2024-03-09 12:56:37.000000,447,1.0,1.0
2024-03-09 12:56:37.000000,257,1.0,1.0
2024-03-09 12:56:37.000000,448,1.0,1.0
2024-03-09 12:56:37.000000,257,1.0,1.0
2024-03-09 12:56:37.000000,449,1.0,1.0
2024-03-09 12:56:37.000000,450,1.0,1.0
2024-03-09 12:56:37.000000,257,1.0,1.0
2024-03-09 12:56:37.000000,451,1.0,1.0
2024-03-09 12:56:37.000000,452,1.0,1.0
2024-03-09 12:56:37.000000,257,1.0,1.0
2024-03-09 12:56:37.000000,458,1.0,1.0
2024-03-09 12:56:37.000000,457,1.0,1.0
2024-03-09 12:56:38.000001,554,1.0,1.0
2024-03-09 12:56:39.000000,554,1.0,1.0
2024-03-09 12:56:39.000000,554,1.0,1.0
2024-03-09 12:56:39.000000,554,1.0,1.0
2024-03-09 12:56:39.000000,554,1.0,1.0
2024-03-09 12:56:39.000000,554,1.0,1.0
2024-03-09 12:56:39.000000,554,1.0,1.0
2024-03-09 12:56:39.000000,554,1.0,1.0
2024-03-09 12:56:39.000000,554,1.0,1.0
2024-03-09 12:56:39.000000,140,1.0,1.0
2024-03-09 12:56:39.000000,554,1.0,1.0
2024-03-09 12:56:45.000000,554,1.0,1.0
2024-03-09 12:56:45.000000,554,1.0,1.0
2024-03-09 12:56:45.000000,554,1.0,1.0
2024-03-09 12:56:45.000000,554,1.0,1.0
2024-03-09 12:56:45.000000,554,1.0,1.0
2024-03-09 12:56:45.000000,554,1.0,1.0
2024-03-09 12:56:45.000000,554,1.0,1.0
2024-03-09 12:56:45.000000,554,1.0,1.0
2024-03-09 12:56:45.000000,554,1.0,1.0
2024-03-09 12:56:45.000000,140,1.0,1.0
2024-03-09 12:56:45.000000,554,1.0,1.0
2024-03-09 12:56:51.000000,554,1.0,1.0
2024-03-09 12:56:51.000000,554,1.0,1.0
2024-03-09 12:56:51.000000,554,1.0,1.0
2024-03-09 12:56:51.000000,554,1.0,1.0
2024-03-09 12:56:51.000000,554,1.0,1.0
2024-03-09 12:56:51.000000,554,1.0,1.0
2024-03-09 12:56:51.000000,554,1.0,1.0
2024-03-09 12:56:51.000000,554,1.0,1.0
2024-03-09 12:56:51.000000,554,1.0,1.0
2024-03-09 12:56:51.000000,140,1.0,1.0
2024-03-09 12:56:51.000000,554,1.0,1.0
2024-03-09 12:56:58.000000,554,1.0,1.0
2024-03-09 12:56:58.000000,554,1.0,1.0
2024-03-09 12:56:58.000000,554,1.0,1.0
2024-03-09 12:56:58.000000,554,1.0,1.0
2024-03-09 12:56:58.000000,554,1.0,1.0
2024-03-09 12:56:58.000000,554,1.0,1.0
2024-03-09 12:56:58.000000,554,1.0,1.0
2024-03-09 12:56:58.000000,140,1.0,1.0
2024-03-09 12:56:58.000000,554,1.0,1.0
2024-03-09 12:56:58.000000,554,1.0,1.0
2024-03-09 12:56:58.000000,554,1.0,1.0
2024-03-09 12:57:04.000000,554,1.0,1.0
2024-03-09 12:57:04.000000,554,1.0,1.0
2024-03-09 12:57:04.000000,554,1.0,1.0
2024-03-09 12:57:04.000000,554,1.0,1.0
2024-03-09 12:57:04.000000,554,1.0,1.0
2024-03-09 12:57:04.000000,554,1.0,1.0
2024-03-09 12:57:04.000000,554,1.0,1.0
2024-03-09 12:57:04.000000,554,1.0,1.0
2024-03-09 12:57:04.000000,554,1.0,1.0
2024-03-09 12:57:04.000000,554,1.0,1.0
2024-03-09 12:57:04.000000,140,1.0,1.0
2024-03-09 12:57:10.000000,554,1.0,1.0
2024-03-09 12:57:10.000000,554,1.0,1.0
2024-03-09 12:57:10.000000,554,1.0,1.0
2024-03-09 12:57:10.000000,554,1.0,1.0
2024-03-09 12:57:10.000000,554,1.0,1.0
2024-03-09 12:57:10.000000,554,1.0,1.0
2024-03-09 12:57:10.000000,554,1.0,1.0
2024-03-09 12:57:10.000000,554,1.0,1.0
2024-03-09 12:57:10.000000,554,1.0,1.0
2024-03-09 12:57:10.000000,140,1.0,1.0
2024-03-09 12:57:10.000000,554,1.0,1.0
2024-03-09 12:57:14.000000,144,1.0,1.0
2024-03-09 12:57:14.000000,143,1.0,1.0
2024-03-09 12:57:14.000000,199,1.0,1.0
2024-03-09 12:57:14.000000,341,1.0,1.0
2024-03-09 12:57:14.000000,342,1.0,1.0
2024-03-09 12:57:14.000000,342,1.0,1.0
2024-03-09 12:57:22.000000,342,1.0,1.0
2024-03-09 12:57:22.000000,342,1.0,1.0
2024-03-09 12:57:22.000000,341,1.0,1.0
2024-03-09 12:57:22.000000,143,1.0,1.0
2024-03-09 12:57:22.000000,144,1.0,1.0
2024-03-09 12:57:30.000000,144,1.0,1.0
2024-03-09 12:57:30.000000,143,1.0,1.0
2024-03-09 12:57:31.000000,341,1.0,1.0
2024-03-09 12:57:38.000000,192,1.0,1.0
2024-03-09 12:57:40.000000,193,1.0,1.0
2024-03-09 12:57:43.000000,287,1.0,1.0
2025-01-01 12:12:12.000000,0,1.0,1.0
