timestamp,value,anomaly_score,raw_score,label,S(t)_standard,S(t)_reward_low_FP_rate,S(t)_reward_low_FN_rate
2024-01-25 13:03:02.000000,176,0.030102999665900007,1.0,0,-0.11,-0.22,-0.11
2024-01-25 13:03:28.000000,192,0.030102999665900007,1.0,0,-0.11,-0.22,-0.11
2024-01-25 13:03:30.000000,203,1.0,1.0,0,-0.11,-0.22,-0.11
2024-01-25 13:03:30.000000,143,1.0,0.774999976158,0,-0.11,-0.22,-0.11
2024-01-25 13:03:30.000000,144,0.030102999665900007,0.925000011921,0,-0.11,-0.22,-0.11
2024-01-25 13:03:30.000000,518,1.0,0.899999976158,0,-0.11,-0.22,-0.11
2024-01-25 13:03:30.000000,145,0.030102999665900007,1.0,0,-0.11,-0.22,-0.11
2024-01-25 13:03:30.000000,143,0.030102999665900007,0.15000000596,0,-0.11,-0.22,-0.11
2024-01-25 13:03:30.000000,143,0.030102999665900007,0.15000000596,0,-0.11,-0.22,-0.11
2024-01-25 13:03:30.000000,205,0.030102999665900007,0.22499999403999998,0,-0.11,-0.22,-0.11
2024-01-25 13:03:30.000000,204,0.030102999665900007,0.10000000149,0,-0.11,-0.22,-0.11
2024-01-25 13:03:30.000000,198,0.030102999665900007,0.125,0,-0.11,-0.22,-0.11
2024-01-25 13:03:30.000000,197,0.030102999665900007,0.0750000029802,0,-0.11,-0.22,-0.11
2024-01-25 13:03:30.000000,143,0.030102999665900007,0.0,0,-0.11,-0.22,-0.11
2024-01-25 13:03:31.000000,193,0.030102999665900007,0.0750000029802,0,-0.11,-0.22,-0.11
2024-01-25 13:03:32.000000,198,0.030102999665900007,0.0,0,-0.11,-0.22,-0.11
2024-01-25 13:03:33.000000,287,0.030102999665900007,0.625,0,-0.11,-0.22,-0.11
2024-01-25 13:03:40.000000,200,0.030102999665900007,0.949999988079,0,-0.11,-0.22,-0.11
2024-01-25 13:03:40.000000,203,0.030102999665900007,0.0,0,-0.11,-0.22,-0.11
2024-01-25 13:03:40.000000,204,0.030102999665900007,0.0,0,-0.11,-0.22,-0.11
2024-01-25 13:03:40.000000,205,0.030102999665900007,0.0,0,-0.11,-0.22,-0.11
2024-01-25 13:03:40.000000,197,0.030102999665900007,0.0,0,-0.11,-0.22,-0.11
2024-01-25 13:03:40.000000,143,0.030102999665900007,0.0,0,-0.11,-0.22,-0.11
2024-01-25 13:03:40.000000,143,0.030102999665900007,0.0250000003725,0,-0.11,-0.22,-0.11
2024-01-25 13:03:40.000000,144,0.030102999665900007,0.0,0,-0.11,-0.22,-0.11
2024-01-25 13:03:40.000000,145,0.030102999665900007,0.0,0,-0.11,-0.22,-0.11
2024-01-25 13:03:40.000000,143,0.030102999665900007,0.0,0,-0.11,-0.22,-0.11
2024-01-25 13:03:40.000000,143,0.030102999665900007,0.0,0,-0.11,-0.22,-0.11
2024-01-25 13:03:41.000000,200,0.030102999665900007,0.0500000007451,0,-0.11,-0.22,-0.11
2024-01-25 13:03:50.000000,143,0.030102999665900007,0.0,0,-0.11,-0.22,-0.11
2024-01-25 13:03:50.000000,144,0.030102999665900007,0.0250000003725,0,-0.11,-0.22,-0.11
2024-01-25 13:03:50.000000,145,0.030102999665900007,0.0250000003725,0,-0.11,-0.22,-0.11
2024-01-25 13:03:50.000000,143,0.030102999665900007,0.0,0,-0.11,-0.22,-0.11
2024-01-25 13:03:50.000000,143,0.030102999665900007,0.0,0,-0.11,-0.22,-0.11
2024-01-25 13:03:50.000000,205,0.030102999665900007,0.0,0,-0.11,-0.22,-0.11
2024-01-25 13:03:50.000000,204,0.030102999665900007,0.0,0,-0.11,-0.22,-0.11
2024-01-25 13:03:50.000000,201,0.030102999665900007,0.0,0,-0.11,-0.22,-0.11
2024-01-25 13:03:50.000000,203,0.030102999665900007,0.0,0,-0.11,-0.22,-0.11
2024-01-25 13:03:50.000000,197,0.030102999665900007,0.0,0,-0.11,-0.22,-0.11
2024-01-25 13:03:50.000000,143,0.030102999665900007,0.0,0,-0.11,-0.22,-0.11
2024-01-25 13:03:52.000000,201,0.030102999665900007,0.0,0,-0.11,-0.22,-0.11
2024-01-25 13:04:52.000000,199,0.030102999665900007,0.0250000003725,0,-0.11,-0.22,-0.11
2024-01-25 13:04:52.000000,341,0.030102999665900007,0.5,0,-0.11,-0.22,-0.11
2024-01-25 13:04:52.000000,199,0.030102999665900007,0.949999988079,0,-0.11,-0.22,-0.11
2024-01-25 13:04:52.000000,144,0.030102999665900007,0.0,0,-0.11,-0.22,-0.11
2024-01-25 13:04:52.000000,143,0.030102999665900007,0.0,0,-0.11,-0.22,-0.11
2024-01-25 13:04:52.000000,143,0.030102999665900007,0.0,0,-0.11,-0.22,-0.11
2024-01-25 13:07:07.000000,444,0.030102999665900007,0.375,0,-0.11,-0.22,-0.11
2024-01-25 13:07:07.000000,212,0.030102999665900007,0.75,0,-0.11,-0.22,-0.11
2024-01-25 13:07:07.000000,445,0.030102999665900007,0.425000011921,0,-0.11,-0.22,-0.11
2024-01-25 13:07:07.000000,431,0.030102999665900007,0.899999976158,0,-0.11,-0.22,-0.11
2024-01-25 13:07:07.000000,195,0.030102999665900007,0.0,0,-0.11,-0.22,-0.11
2024-01-25 13:07:07.000000,245,0.030102999665900007,0.0750000029802,0,-0.11,-0.22,-0.11
2024-01-25 13:07:07.000000,432,0.030102999665900007,0.47499999404,0,-0.11,-0.22,-0.11
2024-01-25 13:07:07.000000,189,0.030102999665900007,0.774999976158,0,-0.11,-0.22,-0.11
2024-01-25 13:07:07.000000,434,0.030102999665900007,0.47499999404,0,-0.11,-0.22,-0.11
2024-01-25 13:07:07.000000,435,0.030102999665900007,0.850000023842,0,-0.11,-0.22,-0.11
2024-01-25 13:07:07.000000,435,0.030102999665900007,0.0,0,-0.11,-0.22,-0.11
2024-01-25 13:07:07.000000,443,0.030102999665900007,0.15000000596,0,-0.11,-0.22,-0.11
2024-01-25 13:07:07.000000,436,0.030102999665900007,0.0750000029802,0,-0.11,-0.22,-0.11
2024-01-25 13:07:07.000000,437,0.030102999665900007,0.0750000029802,0,-0.11,-0.22,-0.11
2024-01-25 13:07:07.000000,438,0.030102999665900007,0.0,0,-0.11,-0.22,-0.11
2024-01-25 13:07:07.000000,439,0.030102999665900007,0.0,0,-0.11,-0.22,-0.11
2024-01-25 13:07:07.000000,440,0.030102999665900007,0.0,0,-0.11,-0.22,-0.11
2024-01-25 13:07:07.000000,442,0.030102999665900007,0.0,0,-0.11,-0.22,-0.11
2024-01-25 13:07:07.000000,435,0.030102999665900007,0.0,0,-0.11,-0.22,-0.11
2024-01-25 13:07:07.000000,256,0.030102999665900007,0.375,0,-0.11,-0.22,-0.11
2024-01-25 13:07:07.000000,433,0.030102999665900007,0.300000011921,0,-0.11,-0.22,-0.11
2024-01-25 13:07:10.000000,257,0.030102999665900007,0.34999999404,0,-0.11,-0.22,-0.11
2024-01-25 13:07:10.000000,273,0.030102999665900007,0.15000000596,0,-0.11,-0.22,-0.11
2024-01-25 13:07:10.000000,196,0.030102999665900007,0.0500000007451,0,-0.11,-0.22,-0.11
2024-01-25 13:07:10.000000,274,0.030102999665900007,0.10000000149,0,-0.11,-0.22,-0.11
2024-01-25 13:07:10.000000,272,0.030102999665900007,0.0,0,-0.11,-0.22,-0.11
2024-01-25 13:07:20.000000,353,0.030102999665900007,0.27500000596,0,-0.11,-0.22,-0.11
2024-01-25 13:07:20.000000,353,0.030102999665900007,0.20000000298,0,-0.11,-0.22,-0.11
2024-01-25 13:07:20.000000,353,0.030102999665900007,0.17499999702,0,-0.11,-0.22,-0.11
2024-01-25 13:07:20.000000,447,0.030102999665900007,0.0500000007451,0,-0.11,-0.22,-0.11
2024-01-25 13:07:20.000000,450,0.030102999665900007,0.0,0,-0.11,-0.22,-0.11
2024-01-25 13:07:20.000000,352,0.030102999665900007,0.20000000298,0,-0.11,-0.22,-0.11
2024-01-25 13:07:20.000000,448,0.030102999665900007,0.10000000149,0,-0.11,-0.22,-0.11
2024-01-25 13:07:20.000000,257,0.030102999665900007,0.0,0,-0.11,-0.22,-0.11
2024-01-25 13:07:20.000000,449,0.030102999665900007,0.15000000596,0,-0.11,-0.22,-0.11
2024-01-25 13:07:20.000000,257,0.030102999665900007,0.0,0,-0.11,-0.22,-0.11
2024-01-25 13:07:20.000000,266,0.030102999665900007,0.0,0,-0.11,-0.22,-0.11
2024-01-25 13:07:20.000000,257,0.030102999665900007,0.0,0,-0.11,-0.22,-0.11
2024-01-25 13:07:20.000000,257,0.030102999665900007,0.0,0,-0.11,-0.22,-0.11
2024-01-25 13:07:20.000000,257,0.030102999665900007,0.0,0,-0.11,-0.22,-0.11
2024-01-25 13:07:20.000000,452,0.030102999665900007,0.0,0,-0.11,-0.22,-0.11
2024-01-25 13:07:20.000000,435,0.030102999665900007,0.0,0,-0.11,-0.22,-0.11
2024-01-25 13:07:20.000000,257,0.030102999665900007,0.0,0,-0.11,-0.22,-0.11
2024-01-25 13:07:20.000000,454,0.030102999665900007,0.0,0,-0.11,-0.22,-0.11
2024-01-25 13:07:20.000000,458,0.030102999665900007,0.0,0,-0.11,-0.22,-0.11
2024-01-25 13:07:20.000000,457,0.030102999665900007,0.0,0,-0.11,-0.22,-0.11
2024-01-25 13:07:20.000000,257,0.030102999665900007,0.0,0,-0.11,-0.22,-0.11
2024-01-25 13:07:20.000000,257,0.030102999665900007,0.0,0,-0.11,-0.22,-0.11
2024-01-25 13:07:20.000000,456,0.030102999665900007,0.0,0,-0.11,-0.22,-0.11
2024-01-25 13:07:20.000000,455,0.030102999665900007,0.0,0,-0.11,-0.22,-0.11
2024-01-25 13:07:20.000000,257,0.030102999665900007,0.0,0,-0.11,-0.22,-0.11
2024-01-25 13:07:20.000000,443,0.030102999665900007,0.0,0,-0.11,-0.22,-0.11
2024-01-25 13:07:20.000000,451,0.030102999665900007,0.0,0,-0.11,-0.22,-0.11
2024-01-25 13:07:20.000000,257,0.030102999665900007,0.0,0,-0.11,-0.22,-0.11
2024-01-25 13:07:20.000000,446,0.030102999665900007,0.0,0,-0.11,-0.22,-0.11
2024-01-25 13:07:57.000000,197,0.030102999665900007,0.0250000003725,0,-0.11,-0.22,-0.11
2024-01-25 13:07:57.000000,144,0.030102999665900007,0.0,0,-0.11,-0.22,-0.11
2024-01-25 13:07:57.000000,145,0.030102999665900007,0.0,0,-0.11,-0.22,-0.11
2024-01-25 13:07:57.000000,143,0.030102999665900007,0.0,0,-0.11,-0.22,-0.11
2024-01-25 13:07:57.000000,143,0.030102999665900007,0.0,0,-0.11,-0.22,-0.11
2024-01-25 13:07:57.000000,200,0.030102999665900007,0.0,0,-0.11,-0.22,-0.11
2024-01-25 13:07:57.000000,143,0.030102999665900007,0.0,0,-0.11,-0.22,-0.11
2024-01-25 13:07:57.000000,143,0.030102999665900007,0.0,0,-0.11,-0.22,-0.11
2024-01-25 13:07:59.000000,200,0.030102999665900007,0.0,0,-0.11,-0.22,-0.11
2024-01-25 13:08:47.000000,209,0.030102999665900007,0.0,0,-0.11,-0.22,-0.11
2024-01-25 13:09:47.000000,220,0.030102999665900007,0.0,0,-0.11,-0.22,-0.11
2024-01-25 13:09:47.000000,211,0.030102999665900007,0.0,0,-0.11,-0.22,-0.11
2024-01-25 13:11:10.000000,439,0.030102999665900007,0.0,0,-0.11,-0.22,-0.11
2024-01-25 13:11:10.000000,440,0.030102999665900007,0.0,0,-0.11,-0.22,-0.11
2024-01-25 13:11:10.000000,442,0.030102999665900007,0.0,0,-0.11,-0.22,-0.11
2024-01-25 13:11:10.000000,196,0.030102999665900007,0.0,0,-0.11,-0.22,-0.11
2024-01-25 13:11:10.000000,274,0.030102999665900007,0.0,0,-0.11,-0.22,-0.11
2024-01-25 13:11:10.000000,435,0.030102999665900007,0.0250000003725,0,-0.11,-0.22,-0.11
2024-01-25 13:11:10.000000,443,0.030102999665900007,0.0,0,-0.11,-0.22,-0.11
2024-01-25 13:11:10.000000,444,0.030102999665900007,0.0,0,-0.11,-0.22,-0.11
2024-01-25 13:11:10.000000,445,0.030102999665900007,0.0,0,-0.11,-0.22,-0.11
2024-01-25 13:11:10.000000,212,0.030102999665900007,0.0250000003725,0,-0.11,-0.22,-0.11
2024-01-25 13:11:10.000000,257,0.030102999665900007,0.0,0,-0.11,-0.22,-0.11
2024-01-25 13:11:10.000000,245,0.030102999665900007,0.0,0,-0.11,-0.22,-0.11
2024-01-25 13:11:10.000000,438,0.030102999665900007,0.0250000003725,0,-0.11,-0.22,-0.11
2024-01-25 13:11:10.000000,433,0.030102999665900007,0.0,0,-0.11,-0.22,-0.11
2024-01-25 13:11:10.000000,256,0.030102999665900007,0.300000011921,0,-0.11,-0.22,-0.11
2024-01-25 13:11:10.000000,189,0.030102999665900007,0.0,0,-0.11,-0.22,-0.11
2024-01-25 13:11:10.000000,272,0.030102999665900007,0.0,0,-0.11,-0.22,-0.11
2024-01-25 13:11:10.000000,273,0.030102999665900007,0.0,0,-0.11,-0.22,-0.11
2024-01-25 13:11:10.000000,437,0.030102999665900007,0.0250000003725,0,-0.11,-0.22,-0.11
2024-01-25 13:11:10.000000,431,0.030102999665900007,0.0,0,-0.11,-0.22,-0.11
2024-01-25 13:11:10.000000,195,0.030102999665900007,0.0500000007451,0,-0.11,-0.22,-0.11
2024-01-25 13:11:10.000000,434,0.030102999665900007,0.0,0,-0.11,-0.22,-0.11
2024-01-25 13:11:10.000000,435,0.030102999665900007,0.0,0,-0.11,-0.22,-0.11
2024-01-25 13:11:10.000000,435,0.030102999665900007,0.0,0,-0.11,-0.22,-0.11
2024-01-25 13:11:10.000000,436,0.030102999665900007,0.0,0,-0.11,-0.22,-0.11
2024-01-25 13:11:10.000000,432,0.030102999665900007,0.0,0,-0.11,-0.22,-0.11
2024-01-25 13:11:20.000000,446,0.030102999665900007,0.0,0,-0.11,-0.22,-0.11
2024-01-25 13:11:20.000000,352,0.030102999665900007,0.0750000029802,0,-0.11,-0.22,-0.11
2024-01-25 13:11:20.000000,449,0.030102999665900007,0.0,0,-0.11,-0.22,-0.11
2024-01-25 13:11:20.000000,353,0.030102999665900007,0.0500000007451,0,-0.11,-0.22,-0.11
2024-01-25 13:11:20.000000,458,0.030102999665900007,0.0,0,-0.11,-0.22,-0.11
2024-01-25 13:11:20.000000,457,0.030102999665900007,0.0,0,-0.11,-0.22,-0.11
2024-01-25 13:11:20.000000,257,0.030102999665900007,0.0750000029802,0,-0.11,-0.22,-0.11
2024-01-25 13:11:20.000000,257,0.030102999665900007,0.0,0,-0.11,-0.22,-0.11
2024-01-25 13:11:20.000000,456,0.030102999665900007,0.0250000003725,0,-0.11,-0.22,-0.11
2024-01-25 13:11:20.000000,455,0.030102999665900007,0.0,0,-0.11,-0.22,-0.11
2024-01-25 13:11:20.000000,257,0.0344279172789,0.0250000003725,0,-0.11,-0.22,-0.11
2024-01-25 13:11:20.000000,443,0.0416838198363,0.0,0,-0.11,-0.22,-0.11
2024-01-25 13:11:20.000000,454,0.0416838198363,0.0,0,-0.11,-0.22,-0.11
2024-01-25 13:11:20.000000,266,0.0470542129517,0.0,0,-0.11,-0.22,-0.11
2024-01-25 13:11:20.000000,435,0.0470542129517,0.0,0,-0.11,-0.22,-0.11
2024-01-25 13:11:20.000000,257,0.0470542129517,0.0,0,-0.11,-0.22,-0.11
2024-01-25 13:11:20.000000,257,0.0559420893335,0.0,0,-0.11,-0.22,-0.11
2024-01-25 13:11:20.000000,353,0.0499043251024,0.0500000007451,0,-0.11,-0.22,-0.11
2024-01-25 13:11:20.000000,353,0.0470542131599,0.0500000007451,0,-0.11,-0.22,-0.11
2024-01-25 13:11:20.000000,452,0.0470542131599,0.0,0,-0.11,-0.22,-0.11
2024-01-25 13:11:20.000000,447,0.0499043251024,0.0,0,-0.11,-0.22,-0.11
2024-01-25 13:11:20.000000,257,0.0499043251024,0.0,0,-0.11,-0.22,-0.11
2024-01-25 13:11:20.000000,257,0.0499043251024,0.0,0,-0.11,-0.22,-0.11
2024-01-25 13:11:20.000000,257,0.0499043251024,0.0,0,-0.11,-0.22,-0.11
2024-01-25 13:11:20.000000,257,0.0499043251024,0.0,0,-0.11,-0.22,-0.11
2024-01-25 13:11:20.000000,257,0.0499043251024,0.0,0,-0.11,-0.22,-0.11
2024-01-25 13:11:20.000000,451,0.0470542131599,0.0250000003725,0,-0.11,-0.22,-0.11
2024-01-25 13:11:20.000000,448,0.05286645552130001,0.0,0,-0.11,-0.22,-0.11
2024-01-25 13:11:20.000000,450,0.0591326560905,0.0,0,-0.11,-0.22,-0.11
2024-01-25 13:11:43.000000,143,0.0416838196443,0.15000000596,0,-0.11,-0.22,-0.11
2024-01-25 13:11:43.000000,144,0.0416838196443,0.0,0,-0.11,-0.22,-0.11
2024-01-25 13:11:43.000000,143,0.0416838196443,0.0,0,-0.11,-0.22,-0.11
2024-01-25 13:11:43.000000,199,0.0416838196443,0.0,0,-0.11,-0.22,-0.11
2024-01-25 13:11:43.000000,199,0.0416838196443,0.0,0,-0.11,-0.22,-0.11
2024-01-25 13:11:43.000000,341,0.0416838196443,0.0,0,-0.11,-0.22,-0.11
2024-01-25 13:11:43.000000,342,0.0367422391852,0.0500000007451,0,-0.11,-0.22,-0.11
2024-01-25 13:11:43.000000,342,0.0344279172789,0.0500000007451,0,-0.11,-0.22,-0.11
2024-01-25 13:15:19.000000,432,0.032215472033899996,0.0250000003725,0,-0.11,-0.22,-0.11
2024-01-25 13:15:19.000000,431,0.032215472033899996,0.0,0,-0.11,-0.22,-0.11
2024-01-25 13:15:19.000000,212,0.041683820028300005,0.0500000007451,0,-0.11,-0.22,-0.11
2024-01-25 13:15:19.000000,442,0.041683820028300005,0.0,0,-0.11,-0.22,-0.11
2024-01-25 13:15:19.000000,433,0.041683820028300005,0.0,0,-0.11,-0.22,-0.11
2024-01-25 13:15:19.000000,440,0.041683820028300005,0.0,0,-0.11,-0.22,-0.11
2024-01-25 13:15:19.000000,434,0.041683820028300005,0.0,0,-0.11,-0.22,-0.11
2024-01-25 13:15:19.000000,256,0.041683820028300005,0.0,0,-0.11,-0.22,-0.11
2024-01-25 13:15:19.000000,435,0.0470542131599,0.0,0,-0.11,-0.22,-0.11
2024-01-25 13:15:19.000000,435,0.05286645552130001,0.0,0,-0.11,-0.22,-0.11
2024-01-25 13:15:19.000000,436,0.0559420893335,0.0,0,-0.11,-0.22,-0.11
2024-01-25 13:15:19.000000,435,0.0559420893335,0.0,0,-0.11,-0.22,-0.11
2024-01-25 13:15:19.000000,437,0.062439531431,0.0,0,-0.11,-0.22,-0.11
2024-01-25 13:15:19.000000,189,0.0559420893335,0.0500000007451,0,-0.11,-0.22,-0.11
2024-01-25 13:15:19.000000,245,0.0559420893335,0.0,0,-0.11,-0.22,-0.11
2024-01-25 13:15:19.000000,439,0.05286645552130001,0.0250000003725,0,-0.11,-0.22,-0.11
2024-01-25 13:15:19.000000,438,0.05286645552130001,0.0,0,-0.11,-0.22,-0.11
2024-01-25 13:15:19.000000,195,0.0470542131599,0.0500000007451,0,-0.11,-0.22,-0.11
2024-01-25 13:15:19.000000,445,0.0470542131599,0.0,0,-0.11,-0.22,-0.11
2024-01-25 13:15:19.000000,444,0.0470542131599,0.0,0,-0.11,-0.22,-0.11
2024-01-25 13:15:19.000000,443,0.0470542131599,0.0,0,-0.11,-0.22,-0.11
2024-01-25 13:15:20.000000,196,0.0367422395378,0.10000000149,0,-0.11,-0.22,-0.11
2024-01-25 13:15:20.000000,274,0.0367422395378,0.0,0,-0.11,-0.22,-0.11
2024-01-25 13:15:20.000000,273,0.045069993832099996,0.0,0,-0.11,-0.22,-0.11
2024-01-25 13:15:20.000000,257,0.045069993832099996,0.0,0,-0.11,-0.22,-0.11
2024-01-25 13:15:20.000000,272,0.045069993832099996,0.0250000003725,0,-0.11,-0.22,-0.11
2024-01-25 13:15:30.000000,450,0.045069993832099996,0.0,0,-0.11,-0.22,-0.11
2024-01-25 13:15:30.000000,449,0.0522400476806,0.0,0,-0.11,-0.22,-0.11
2024-01-25 13:15:30.000000,257,0.0522400476806,0.0,0,-0.11,-0.22,-0.11
2024-01-25 13:15:30.000000,448,0.0522400476806,0.0,0,-0.11,-0.22,-0.11
2024-01-25 13:15:30.000000,257,0.0522400476806,0.0,0,-0.11,-0.22,-0.11
2024-01-25 13:15:30.000000,447,0.0687446306952,0.0,0,-0.11,-0.22,-0.11
2024-01-25 13:15:30.000000,257,0.0687446306952,0.0,0,-0.11,-0.22,-0.11
2024-01-25 13:15:30.000000,353,0.0643410698851,0.0250000003725,0,-0.11,-0.22,-0.11
2024-01-25 13:15:30.000000,353,0.056091420897000005,0.0500000007451,0,-0.11,-0.22,-0.11
2024-01-25 13:15:30.000000,353,0.060124192588099985,0.0,0,-0.11,-0.22,-0.11
2024-01-25 13:15:30.000000,266,0.060124192588099985,0.0,0,-0.11,-0.22,-0.11
2024-01-25 13:15:30.000000,352,0.056091420897000005,0.0250000003725,0,-0.11,-0.22,-0.11
2024-01-25 13:15:30.000000,446,0.056091420897000005,0.0,0,-0.11,-0.22,-0.11
2024-01-25 13:15:30.000000,257,0.056091420897000005,0.0,0,-0.11,-0.22,-0.11
2024-01-25 13:15:30.000000,257,0.056091420897000005,0.0,0,-0.11,-0.22,-0.11
2024-01-25 13:15:30.000000,452,0.056091420897000005,0.0,0,-0.11,-0.22,-0.11
2024-01-25 13:15:30.000000,257,0.056091420897000005,0.0,0,-0.11,-0.22,-0.11
2024-01-25 13:15:30.000000,451,0.060124192588099985,0.0,0,-0.11,-0.22,-0.11
2024-01-25 13:15:30.000000,458,0.0687446306952,0.0,0,-0.11,-0.22,-0.11
2024-01-25 13:15:30.000000,435,0.0687446306952,0.0,0,-0.11,-0.22,-0.11
2024-01-25 13:15:30.000000,257,0.056091420603400007,0.0750000029802,0,-0.11,-0.22,-0.11
2024-01-25 13:15:30.000000,454,0.060124192280800015,0.0,0,-0.11,-0.22,-0.11
2024-01-25 13:15:30.000000,443,0.060124192280800015,0.0,0,-0.11,-0.22,-0.11
2024-01-25 13:15:30.000000,257,0.060124192280800015,0.0,0,-0.11,-0.22,-0.11
2024-01-25 13:15:30.000000,455,0.060124192280800015,0.0,0,-0.11,-0.22,-0.11
2024-01-25 13:15:30.000000,456,0.060124192280800015,0.0,0,-0.11,-0.22,-0.11
2024-01-25 13:15:30.000000,257,0.060124192280800015,0.0,0,-0.11,-0.22,-0.11
2024-01-25 13:15:30.000000,457,0.060124192280800015,0.0,0,-0.11,-0.22,-0.11
2024-01-25 13:15:30.000000,257,0.060124192280800015,0.0,0,-0.11,-0.22,-0.11
2024-01-25 13:15:37.000000,143,0.056091420603400007,0.0250000003725,0,-0.11,-0.22,-0.11
2024-01-25 13:15:37.000000,143,0.0687446306952,0.0,0,-0.11,-0.22,-0.11
2024-01-25 13:15:37.000000,145,0.0687446306952,0.0,0,-0.11,-0.22,-0.11
2024-01-25 13:15:37.000000,144,0.0687446306952,0.0,0,-0.11,-0.22,-0.11
2024-01-25 13:15:37.000000,143,0.0687446306952,0.0,0,-0.11,-0.22,-0.11
2024-01-25 13:15:37.000000,143,0.0687446306952,0.0,0,-0.11,-0.22,-0.11
2024-01-25 13:15:37.000000,198,0.0687446306952,0.0,0,-0.11,-0.22,-0.11
2024-01-25 13:15:37.000000,197,0.0687446306952,0.0,0,-0.11,-0.22,-0.11
2024-01-25 13:15:38.000000,198,0.0687446306952,0.0,0,-0.11,-0.22,-0.11
2024-01-25 13:17:47.000000,209,0.0687446306952,0.0,0,-0.11,-0.22,-0.11
2024-01-25 13:17:48.000000,210,0.0733373285865,0.0,0,-0.11,-0.22,-0.11
2024-01-25 13:17:48.000000,211,0.0733373285865,0.0,0,-0.11,-0.22,-0.11
2024-01-25 13:18:51.000000,445,0.0733373285865,0.0,0,-0.11,-0.22,-0.11
2024-01-25 13:18:51.000000,257,0.0733373285865,0.0,0,-0.11,-0.22,-0.11
2024-01-25 13:18:51.000000,212,0.0733373285865,0.0,0,-0.11,-0.22,-0.11
2024-01-25 13:18:51.000000,274,0.0733373285865,0.0,0,-0.11,-0.22,-0.11
2024-01-25 13:18:51.000000,245,0.0733373285865,0.0,0,-0.11,-0.22,-0.11
2024-01-25 13:18:51.000000,196,0.0733373285865,0.0,0,-0.11,-0.22,-0.11
2024-01-25 13:18:51.000000,195,0.0733373285865,0.0,0,-0.11,-0.22,-0.11
2024-01-25 13:18:51.000000,273,0.0687446306952,0.0250000003725,0,-0.11,-0.22,-0.11
2024-01-25 13:18:51.000000,272,0.0643410698851,0.0250000003725,0,-0.11,-0.22,-0.11
2024-01-25 13:18:51.000000,189,0.0643410698851,0.0,0,-0.11,-0.22,-0.11
2024-01-25 13:18:51.000000,431,0.0643410698851,0.0,0,-0.11,-0.22,-0.11
2024-01-25 13:18:51.000000,432,0.0643410698851,0.0,0,-0.11,-0.22,-0.11
2024-01-25 13:18:51.000000,433,0.0643410698851,0.0,0,-0.11,-0.22,-0.11
2024-01-25 13:18:51.000000,434,0.0643410698851,0.0,0,-0.11,-0.22,-0.11
2024-01-25 13:18:51.000000,435,0.0643410698851,0.0,0,-0.11,-0.22,-0.11
2024-01-25 13:18:51.000000,443,0.0643410698851,0.0,0,-0.11,-0.22,-0.11
2024-01-25 13:18:51.000000,435,0.0643410698851,0.0,0,-0.11,-0.22,-0.11
2024-01-25 13:18:51.000000,256,0.0687446306952,0.0,0,-0.11,-0.22,-0.11
2024-01-25 13:18:51.000000,437,0.0733373285865,0.0,0,-0.11,-0.22,-0.11
2024-01-25 13:18:51.000000,438,0.0733373285865,0.0,0,-0.11,-0.22,-0.11
2024-01-25 13:18:51.000000,439,0.0733373285865,0.0,0,-0.11,-0.22,-0.11
2024-01-25 13:18:51.000000,440,0.0733373285865,0.0,0,-0.11,-0.22,-0.11
2024-01-25 13:18:51.000000,442,0.0733373285865,0.0,0,-0.11,-0.22,-0.11
2024-01-25 13:18:51.000000,435,0.0733373285865,0.0,0,-0.11,-0.22,-0.11
2024-01-25 13:18:51.000000,436,0.0733373285865,0.0,0,-0.11,-0.22,-0.11
2024-01-25 13:18:51.000000,444,0.0733373285865,0.0,0,-0.11,-0.22,-0.11
2024-01-25 13:19:01.000000,452,0.0733373285865,0.0,0,-0.11,-0.22,-0.11
2024-01-25 13:19:01.000000,451,0.0733373285865,0.0,0,-0.11,-0.22,-0.11
2024-01-25 13:19:01.000000,257,0.0733373285865,0.0,0,-0.11,-0.22,-0.11
2024-01-25 13:19:01.000000,449,0.0733373285865,0.0,0,-0.11,-0.22,-0.11
2024-01-25 13:19:01.000000,257,0.0733373285865,0.0,0,-0.11,-0.22,-0.11
2024-01-25 13:19:01.000000,450,0.0733373285865,0.0,0,-0.11,-0.22,-0.11
2024-01-25 13:19:01.000000,257,0.0733373285865,0.0,0,-0.11,-0.22,-0.11
2024-01-25 13:19:01.000000,257,0.0733373285865,0.0,0,-0.11,-0.22,-0.11
2024-01-25 13:19:01.000000,447,0.0733373285865,0.0,0,-0.11,-0.22,-0.11
2024-01-25 13:19:01.000000,435,0.0733373285865,0.0,0,-0.11,-0.22,-0.11
2024-01-25 13:19:01.000000,257,0.0733373285865,0.0,0,-0.11,-0.22,-0.11
2024-01-25 13:19:01.000000,454,0.0733373285865,0.0,0,-0.11,-0.22,-0.11
2024-01-25 13:19:01.000000,257,0.0733373285865,0.0,0,-0.11,-0.22,-0.11
2024-01-25 13:19:01.000000,448,0.0733373285865,0.0,0,-0.11,-0.22,-0.11
2024-01-25 13:19:01.000000,353,0.0733373285865,0.0,0,-0.11,-0.22,-0.11
2024-01-25 13:19:01.000000,353,0.0687446306952,0.0250000003725,0,-0.11,-0.22,-0.11
2024-01-25 13:19:01.000000,266,0.0687446306952,0.0,0,-0.11,-0.22,-0.11
2024-01-25 13:19:01.000000,443,0.0687446306952,0.0,0,-0.11,-0.22,-0.11
2024-01-25 13:19:01.000000,257,0.0687446306952,0.0,0,-0.11,-0.22,-0.11
2024-01-25 13:19:01.000000,455,0.0687446306952,0.0,0,-0.11,-0.22,-0.11
2024-01-25 13:19:01.000000,456,0.0687446306952,0.0,0,-0.11,-0.22,-0.11
2024-01-25 13:19:01.000000,352,0.0687446306952,0.0,0,-0.11,-0.22,-0.11
2024-01-25 13:19:01.000000,446,0.0687446306952,0.0,0,-0.11,-0.22,-0.11
2024-01-25 13:19:01.000000,353,0.0687446306952,0.0,0,-0.11,-0.22,-0.11
2024-01-25 13:19:01.000000,257,0.0687446306952,0.0,0,-0.11,-0.22,-0.11
2024-01-25 13:19:02.000000,458,0.0733373285865,0.0,0,-0.11,-0.22,-0.11
2024-01-25 13:19:02.000000,257,0.0733373285865,0.0,0,-0.11,-0.22,-0.11
2024-01-25 13:19:02.000000,257,0.0733373285865,0.0,0,-0.11,-0.22,-0.11
2024-01-25 13:19:02.000000,457,0.0733373285865,0.0,0,-0.11,-0.22,-0.11
2024-01-25 13:19:29.000000,143,0.045069994594400004,0.17499999702,0,-0.11,-0.22,-0.11
2024-01-25 13:19:29.000000,341,0.045171484099699996,0.0250000003725,0,-0.11,-0.22,-0.11
2024-01-25 13:19:29.000000,199,0.0410119334855,0.0250000003725,0,-0.11,-0.22,-0.11
2024-01-25 13:19:29.000000,342,0.0410119334855,0.0,0,-0.11,-0.22,-0.11
2024-01-25 13:19:29.000000,342,0.0334847878624,0.0500000007451,0,-0.11,-0.22,-0.11
2024-01-25 13:19:29.000000,144,0.037118669565,0.0750000029802,0,-0.11,-0.22,-0.11
2024-01-25 13:19:29.000000,143,0.037118669565,0.0,0,-0.11,-0.22,-0.11
2024-01-25 13:22:15.000000,192,0.037118669565,0.0,0,-0.11,-0.22,-0.11
2024-01-25 13:22:18.000000,193,0.037118669565,0.0,0,-0.11,-0.22,-0.11
2024-01-25 13:22:20.000000,287,0.037118669565,0.0,0,-0.11,-0.22,-0.11
2024-01-25 13:23:24.000000,203,0.0496038486603,0.0,0,-0.11,-0.22,-0.11
2024-01-25 13:23:24.000000,204,0.0543151924916,0.0,0,-0.11,-0.22,-0.11
2024-01-25 13:23:24.000000,143,0.059311323299699986,0.0,0,-0.11,-0.22,-0.11
2024-01-25 13:23:24.000000,143,0.059311323299699986,0.0,0,-0.11,-0.22,-0.11
2024-01-25 13:23:24.000000,145,0.070179496154,0.0,0,-0.11,-0.22,-0.11
2024-01-25 13:23:24.000000,205,0.0887441293914,0.0,0,-0.11,-0.22,-0.11
2024-01-25 13:23:24.000000,144,0.0887441293914,0.0,0,-0.11,-0.22,-0.11
2024-01-25 13:23:24.000000,197,0.0887441293914,0.0,0,-0.11,-0.22,-0.11
2024-01-25 13:23:24.000000,201,0.0887441293914,0.0,0,-0.11,-0.22,-0.11
2024-01-25 13:23:24.000000,143,0.0887441293914,0.0,0,-0.11,-0.22,-0.11
2024-01-25 13:23:24.000000,143,0.0887441293914,0.0,0,-0.11,-0.22,-0.11
2024-01-25 13:23:26.000000,201,0.0887441293914,0.0,0,-0.11,-0.22,-0.11
2024-01-25 13:26:19.000000,192,0.0887441293914,0.0,0,-0.11,-0.22,-0.11
2024-01-25 13:26:21.000000,193,0.0887441293914,0.0,0,-0.11,-0.22,-0.11
2024-01-25 13:26:21.000000,287,0.0887441293914,0.0,0,-0.11,-0.22,-0.11
2024-01-25 13:30:23.000000,192,0.0887441293914,0.0,0,-0.11,-0.22,-0.11
2024-01-25 13:30:25.000000,193,0.0887441293914,0.0,0,-0.11,-0.22,-0.11
2024-01-25 13:30:26.000000,287,0.0887441293914,0.0,0,-0.11,-0.22,-0.11
2024-01-25 13:34:44.000000,192,0.0887441293914,0.0,0,-0.11,-0.22,-0.11
2024-01-25 13:34:46.000000,193,0.0887441293914,0.0,0,-0.11,-0.22,-0.11
2024-01-25 13:34:46.000000,287,0.0887441293914,0.0,0,-0.11,-0.22,-0.11
2024-01-25 13:38:57.000000,189,0.0887441293914,0.0,0,-0.11,-0.22,-0.11
2024-01-25 13:38:57.000000,431,0.070179496154,0.0750000029802,0,-0.11,-0.22,-0.11
2024-01-25 13:38:57.000000,432,0.070179496154,0.0,0,-0.11,-0.22,-0.11
2024-01-25 13:38:57.000000,433,0.070179496154,0.0,0,-0.11,-0.22,-0.11
2024-01-25 13:38:57.000000,434,0.070179496154,0.0,0,-0.11,-0.22,-0.11
2024-01-25 13:38:57.000000,440,0.070179496154,0.0,0,-0.11,-0.22,-0.11
2024-01-25 13:38:57.000000,435,0.070179496154,0.0,0,-0.11,-0.22,-0.11
2024-01-25 13:38:57.000000,436,0.070179496154,0.0,0,-0.11,-0.22,-0.11
2024-01-25 13:38:57.000000,256,0.070179496154,0.0,0,-0.11,-0.22,-0.11
2024-01-25 13:38:57.000000,437,0.070179496154,0.0,0,-0.11,-0.22,-0.11
2024-01-25 13:38:57.000000,438,0.070179496154,0.0,0,-0.11,-0.22,-0.11
2024-01-25 13:38:57.000000,439,0.0887441293914,0.0,0,-0.11,-0.22,-0.11
2024-01-25 13:38:57.000000,442,0.0887441293914,0.0,0,-0.11,-0.22,-0.11
2024-01-25 13:38:57.000000,435,0.0887441293914,0.0,0,-0.11,-0.22,-0.11
2024-01-25 13:38:57.000000,245,0.0887441293914,0.0,0,-0.11,-0.22,-0.11
2024-01-25 13:38:57.000000,435,0.0887441293914,0.0,0,-0.11,-0.22,-0.11
2024-01-25 13:38:57.000000,212,0.0887441293914,0.0,0,-0.11,-0.22,-0.11
2024-01-25 13:38:57.000000,195,0.0887441293914,0.0,0,-0.11,-0.22,-0.11
2024-01-25 13:38:57.000000,444,0.0887441293914,0.0,0,-0.11,-0.22,-0.11
2024-01-25 13:38:57.000000,443,0.0887441293914,0.0,0,-0.11,-0.22,-0.11
2024-01-25 13:38:57.000000,445,0.0887441293914,0.0,0,-0.11,-0.22,-0.11
2024-01-25 13:38:58.000000,257,0.0887441293914,0.0,0,-0.11,-0.22,-0.11
2024-01-25 13:38:58.000000,273,0.0822483064723,0.0250000003725,0,-0.11,-0.22,-0.11
2024-01-25 13:38:58.000000,196,0.0822483064723,0.0,0,-0.11,-0.22,-0.11
2024-01-25 13:38:58.000000,274,0.0760615156089,0.0250000003725,0,-0.11,-0.22,-0.11
2024-01-25 13:38:58.000000,272,0.07017949658099999,0.0250000003725,0,-0.11,-0.22,-0.11
2024-01-25 13:39:08.000000,435,0.07017949658099999,0.0,0,-0.11,-0.22,-0.11
2024-01-25 13:39:08.000000,454,0.07017949658099999,0.0,0,-0.11,-0.22,-0.11
2024-01-25 13:39:08.000000,443,0.07017949658099999,0.0,0,-0.11,-0.22,-0.11
2024-01-25 13:39:08.000000,455,0.07017949658099999,0.0,0,-0.11,-0.22,-0.11
2024-01-25 13:39:08.000000,456,0.07017949658099999,0.0,0,-0.11,-0.22,-0.11
2024-01-25 13:39:08.000000,257,0.07017949658099999,0.0,0,-0.11,-0.22,-0.11
2024-01-25 13:39:08.000000,257,0.0760615156089,0.0,0,-0.11,-0.22,-0.11
2024-01-25 13:39:08.000000,457,0.0760615156089,0.0,0,-0.11,-0.22,-0.11
2024-01-25 13:39:08.000000,452,0.0822483064723,0.0,0,-0.11,-0.22,-0.11
2024-01-25 13:39:08.000000,257,0.0887441293914,0.0,0,-0.11,-0.22,-0.11
2024-01-25 13:39:08.000000,257,0.0887441293914,0.0,0,-0.11,-0.22,-0.11
2024-01-25 13:39:08.000000,257,0.0887441293914,0.0,0,-0.11,-0.22,-0.11
2024-01-25 13:39:08.000000,266,0.0887441293914,0.0,0,-0.11,-0.22,-0.11
2024-01-25 13:39:08.000000,353,0.0822483064723,0.0250000003725,0,-0.11,-0.22,-0.11
2024-01-25 13:39:08.000000,353,0.0822483064723,0.0,0,-0.11,-0.22,-0.11
2024-01-25 13:39:08.000000,458,0.0822483064723,0.0,0,-0.11,-0.22,-0.11
2024-01-25 13:39:08.000000,257,0.0822483064723,0.0,0,-0.11,-0.22,-0.11
2024-01-25 13:39:08.000000,447,0.0822483064723,0.0,0,-0.11,-0.22,-0.11
2024-01-25 13:39:08.000000,257,0.0822483064723,0.0,0,-0.11,-0.22,-0.11
2024-01-25 13:39:08.000000,448,0.0822483064723,0.0,0,-0.11,-0.22,-0.11
2024-01-25 13:39:08.000000,353,0.0822483064723,0.0,0,-0.11,-0.22,-0.11
2024-01-25 13:39:08.000000,449,0.0822483064723,0.0,0,-0.11,-0.22,-0.11
2024-01-25 13:39:08.000000,257,0.0822483064723,0.0,0,-0.11,-0.22,-0.11
2024-01-25 13:39:08.000000,450,0.0887441293914,0.0,0,-0.11,-0.22,-0.11
2024-01-25 13:39:08.000000,257,0.0887441293914,0.0,0,-0.11,-0.22,-0.11
2024-01-25 13:39:08.000000,352,0.0822483064723,0.0250000003725,0,-0.11,-0.22,-0.11
2024-01-25 13:39:08.000000,446,0.0822483064723,0.0,0,-0.11,-0.22,-0.11
2024-01-25 13:39:08.000000,257,0.0822483064723,0.0,0,-0.11,-0.22,-0.11
2024-01-25 13:39:08.000000,451,0.0822483064723,0.0,0,-0.11,-0.22,-0.11
2024-01-25 13:42:53.000000,192,0.0822483064723,0.0,0,-0.11,-0.22,-0.11
2024-01-25 13:42:55.000000,287,0.0760615156089,0.0250000003725,0,-0.11,-0.22,-0.11
2024-01-25 13:42:55.000000,193,0.0760615156089,0.0,0,-0.11,-0.22,-0.11
2024-01-25 13:46:34.000000,436,0.0760615156089,0.0,0,-0.11,-0.22,-0.11
2024-01-25 13:46:34.000000,435,0.0760615156089,0.0,0,-0.11,-0.22,-0.11
2024-01-25 13:46:34.000000,435,0.0760615156089,0.0,0,-0.11,-0.22,-0.11
2024-01-25 13:46:34.000000,432,0.0822483064723,0.0,0,-0.11,-0.22,-0.11
2024-01-25 13:46:34.000000,431,0.0822483064723,0.0,0,-0.11,-0.22,-0.11
2024-01-25 13:46:34.000000,273,0.0760615156089,0.0250000003725,0,-0.11,-0.22,-0.11
2024-01-25 13:46:34.000000,272,0.0760615156089,0.0,0,-0.11,-0.22,-0.11
2024-01-25 13:46:34.000000,256,0.0760615156089,0.0,0,-0.11,-0.22,-0.11
2024-01-25 13:46:34.000000,433,0.0822483064723,0.0,0,-0.11,-0.22,-0.11
2024-01-25 13:46:34.000000,437,0.0822483064723,0.0,0,-0.11,-0.22,-0.11
2024-01-25 13:46:34.000000,445,0.0822483064723,0.0,0,-0.11,-0.22,-0.11
2024-01-25 13:46:34.000000,439,0.0822483064723,0.0,0,-0.11,-0.22,-0.11
2024-01-25 13:46:34.000000,440,0.0938267456991,0.0,0,-0.11,-0.22,-0.11
2024-01-25 13:46:34.000000,442,0.0938267456991,0.0,0,-0.11,-0.22,-0.11
2024-01-25 13:46:34.000000,435,0.0938267456991,0.0,0,-0.11,-0.22,-0.11
2024-01-25 13:46:34.000000,245,0.10202400189099999,0.0,0,-0.11,-0.22,-0.11
2024-01-25 13:46:34.000000,443,0.10202400189099999,0.0,0,-0.11,-0.22,-0.11
2024-01-25 13:46:34.000000,444,0.10202400189099999,0.0,0,-0.11,-0.22,-0.11
2024-01-25 13:46:34.000000,212,0.10202400189099999,0.0,0,-0.11,-0.22,-0.11
2024-01-25 13:46:34.000000,257,0.10202400189099999,0.0,0,-0.11,-0.22,-0.11
2024-01-25 13:46:34.000000,195,0.10202400189099999,0.0,0,-0.11,-0.22,-0.11
2024-01-25 13:46:34.000000,196,0.10202400189099999,0.0,0,-0.11,-0.22,-0.11
2024-01-25 13:46:34.000000,274,0.10202400189099999,0.0,0,-0.11,-0.22,-0.11
2024-01-25 13:46:34.000000,438,0.10202400189099999,0.0,0,-0.11,-0.22,-0.11
2024-01-25 13:46:34.000000,189,0.0938267456991,0.0250000003725,0,-0.11,-0.22,-0.11
2024-01-25 13:46:34.000000,434,0.0938267456991,0.0,0,-0.11,-0.22,-0.11
2024-01-25 13:46:44.000000,257,0.0938267456991,0.0,0,-0.11,-0.22,-0.11
2024-01-25 13:46:44.000000,266,0.0938267456991,0.0,0,-0.11,-0.22,-0.11
2024-01-25 13:46:44.000000,352,0.07869949308930001,0.0500000007451,0,-0.11,-0.22,-0.11
2024-01-25 13:46:44.000000,446,0.07869949308930001,0.0,0,-0.11,-0.22,-0.11
2024-01-25 13:46:44.000000,353,0.07869949308930001,0.0,0,-0.11,-0.22,-0.11
2024-01-25 13:46:44.000000,447,0.07869949308930001,0.0,0,-0.11,-0.22,-0.11
2024-01-25 13:46:44.000000,257,0.07869949308930001,0.0,0,-0.11,-0.22,-0.11
2024-01-25 13:46:44.000000,448,0.047961423511199995,0.125,0,-0.11,-0.22,-0.11
2024-01-25 13:46:44.000000,257,0.0533302762639,0.0,0,-0.11,-0.22,-0.11
2024-01-25 13:46:44.000000,449,0.0533302762639,0.0,0,-0.11,-0.22,-0.11
2024-01-25 13:46:44.000000,257,0.0533302762639,0.0,0,-0.11,-0.22,-0.11
2024-01-25 13:46:44.000000,450,0.0533302762639,0.0,0,-0.11,-0.22,-0.11
2024-01-25 13:46:44.000000,353,0.0652198295609,0.0,0,-0.11,-0.22,-0.11
2024-01-25 13:46:44.000000,451,0.0652198295609,0.0,0,-0.11,-0.22,-0.11
2024-01-25 13:46:44.000000,257,0.0652198295609,0.0,0,-0.11,-0.22,-0.11
2024-01-25 13:46:44.000000,452,0.0652198295609,0.0,0,-0.11,-0.22,-0.11
2024-01-25 13:46:44.000000,257,0.0652198295609,0.0,0,-0.11,-0.22,-0.11
2024-01-25 13:46:44.000000,456,0.10202400189099999,0.0,0,-0.11,-0.22,-0.11
2024-01-25 13:46:44.000000,455,0.10202400189099999,0.0,0,-0.11,-0.22,-0.11
2024-01-25 13:46:44.000000,257,0.10202400189099999,0.0,0,-0.11,-0.22,-0.11
2024-01-25 13:46:44.000000,353,0.10202400189099999,0.0,0,-0.11,-0.22,-0.11
2024-01-25 13:46:44.000000,454,0.10202400189099999,0.0,0,-0.11,-0.22,-0.11
2024-01-25 13:46:44.000000,257,0.10202400189099999,0.0,0,-0.11,-0.22,-0.11
2024-01-25 13:46:44.000000,435,0.10202400189099999,0.0,0,-0.11,-0.22,-0.11
2024-01-25 13:46:44.000000,443,0.10202400189099999,0.0,0,-0.11,-0.22,-0.11
2024-01-25 13:46:45.000000,257,0.10202400189099999,0.0,0,-0.11,-0.22,-0.11
2024-01-25 13:46:45.000000,257,0.10202400189099999,0.0,0,-0.11,-0.22,-0.11
2024-01-25 13:46:45.000000,457,0.10202400189099999,0.0,0,-0.11,-0.22,-0.11
2024-01-25 13:46:45.000000,458,0.10202400189099999,0.0,0,-0.11,-0.22,-0.11
2024-01-25 13:50:06.000000,196,0.10202400189099999,0.0,0,-0.11,-0.22,-0.11
2024-01-25 13:50:06.000000,195,0.10202400189099999,0.0,0,-0.11,-0.22,-0.11
2024-01-25 13:50:06.000000,189,0.10202400189099999,0.0,0,-0.11,-0.22,-0.11
2024-01-25 13:50:06.000000,273,0.10202400189099999,0.0,0,-0.11,-0.22,-0.11
2024-01-25 13:50:06.000000,272,0.0938267456991,0.0250000003725,0,-0.11,-0.22,-0.11
2024-01-25 13:50:06.000000,274,0.0938267456991,0.0,0,-0.11,-0.22,-0.11
2024-01-25 13:50:06.000000,445,0.0938267456991,0.0,0,-0.11,-0.22,-0.11
2024-01-25 13:50:06.000000,433,0.0938267456991,0.0,0,-0.11,-0.22,-0.11
2024-01-25 13:50:06.000000,257,0.0938267456991,0.0,0,-0.11,-0.22,-0.11
2024-01-25 13:50:06.000000,212,0.0938267456991,0.0,0,-0.11,-0.22,-0.11
2024-01-25 13:50:06.000000,444,0.0938267456991,0.0,0,-0.11,-0.22,-0.11
2024-01-25 13:50:06.000000,443,0.0938267456991,0.0,0,-0.11,-0.22,-0.11
2024-01-25 13:50:06.000000,245,0.0938267456991,0.0,0,-0.11,-0.22,-0.11
2024-01-25 13:50:06.000000,435,0.0938267456991,0.0,0,-0.11,-0.22,-0.11
2024-01-25 13:50:06.000000,442,0.10202400189099999,0.0,0,-0.11,-0.22,-0.11
2024-01-25 13:50:06.000000,440,0.10202400189099999,0.0,0,-0.11,-0.22,-0.11
2024-01-25 13:50:06.000000,439,0.10202400189099999,0.0,0,-0.11,-0.22,-0.11
2024-01-25 13:50:06.000000,432,0.10202400189099999,0.0,0,-0.11,-0.22,-0.11
2024-01-25 13:50:06.000000,437,0.10202400189099999,0.0,0,-0.11,-0.22,-0.11
2024-01-25 13:50:06.000000,256,0.10202400189099999,0.0,0,-0.11,-0.22,-0.11
2024-01-25 13:50:06.000000,436,0.10202400189099999,0.0,0,-0.11,-0.22,-0.11
2024-01-25 13:50:06.000000,435,0.10202400189099999,0.0,0,-0.11,-0.22,-0.11
2024-01-25 13:50:06.000000,435,0.10202400189099999,0.0,0,-0.11,-0.22,-0.11
2024-01-25 13:50:06.000000,434,0.10202400189099999,0.0,0,-0.11,-0.22,-0.11
2024-01-25 13:50:06.000000,431,0.10202400189099999,0.0,0,-0.11,-0.22,-0.11
2024-01-25 13:50:06.000000,438,0.10202400189099999,0.0,0,-0.11,-0.22,-0.11
2024-01-25 13:50:16.000000,450,0.10202400189099999,0.0,0,-0.11,-0.22,-0.11
2024-01-25 13:50:16.000000,257,0.10202400189099999,0.0,0,-0.11,-0.22,-0.11
2024-01-25 13:50:16.000000,451,0.10202400189099999,0.0,0,-0.11,-0.22,-0.11
2024-01-25 13:50:16.000000,257,0.10202400189099999,0.0,0,-0.11,-0.22,-0.11
2024-01-25 13:50:16.000000,452,0.10202400189099999,0.0,0,-0.11,-0.22,-0.11
2024-01-25 13:50:16.000000,435,0.10202400189099999,0.0,0,-0.11,-0.22,-0.11
2024-01-25 13:50:16.000000,257,0.10202400189099999,0.0,0,-0.11,-0.22,-0.11
2024-01-25 13:50:16.000000,454,0.10202400189099999,0.0,0,-0.11,-0.22,-0.11
2024-01-25 13:50:16.000000,257,0.10202400189099999,0.0,0,-0.11,-0.22,-0.11
2024-01-25 13:50:16.000000,449,0.10202400189099999,0.0,0,-0.11,-0.22,-0.11
2024-01-25 13:50:16.000000,447,0.10202400189099999,0.0,0,-0.11,-0.22,-0.11
2024-01-25 13:50:16.000000,448,0.10202400189099999,0.0,0,-0.11,-0.22,-0.11
2024-01-25 13:50:16.000000,257,0.10202400189099999,0.0,0,-0.11,-0.22,-0.11
2024-01-25 13:50:16.000000,257,0.10202400189099999,0.0,0,-0.11,-0.22,-0.11
2024-01-25 13:50:16.000000,353,0.0860538976715,0.0500000007451,0,-0.11,-0.22,-0.11
2024-01-25 13:50:16.000000,353,0.0860538976715,0.0,0,-0.11,-0.22,-0.11
2024-01-25 13:50:16.000000,353,0.0860538976715,0.0,0,-0.11,-0.22,-0.11
2024-01-25 13:50:16.000000,266,0.0860538976715,0.0,0,-0.11,-0.22,-0.11
2024-01-25 13:50:16.000000,443,0.0860538976715,0.0,0,-0.11,-0.22,-0.11
2024-01-25 13:50:16.000000,446,0.0860538976715,0.0,0,-0.11,-0.22,-0.11
2024-01-25 13:50:16.000000,257,0.0860538976715,0.0,0,-0.11,-0.22,-0.11
2024-01-25 13:50:16.000000,352,0.0860538976715,0.0,0,-0.11,-0.22,-0.11
2024-01-25 13:50:16.000000,257,0.0860538976715,0.0,0,-0.11,-0.22,-0.11
2024-01-25 13:50:16.000000,456,0.0860538976715,0.0,0,-0.11,-0.22,-0.11
2024-01-25 13:50:16.000000,257,0.10202400189099999,0.0,0,-0.11,-0.22,-0.11
2024-01-25 13:50:16.000000,257,0.10202400189099999,0.0,0,-0.11,-0.22,-0.11
2024-01-25 13:50:16.000000,457,0.10202400189099999,0.0,0,-0.11,-0.22,-0.11
2024-01-25 13:50:16.000000,455,0.10202400189099999,0.0,0,-0.11,-0.22,-0.11
2024-01-25 13:50:16.000000,458,0.10202400189099999,0.0,0,-0.11,-0.22,-0.11
2024-01-25 13:54:21.000000,435,0.10202400189099999,0.0,0,-0.11,-0.22,-0.11
2024-01-25 13:54:21.000000,432,0.10202400189099999,0.0,0,-0.11,-0.22,-0.11
2024-01-25 13:54:21.000000,433,0.114365760483,0.0,0,-0.11,-0.22,-0.11
2024-01-25 13:54:21.000000,431,0.114365760483,0.0,0,-0.11,-0.22,-0.11
2024-01-25 13:54:21.000000,434,0.114365760483,0.0,0,-0.11,-0.22,-0.11
2024-01-25 13:54:21.000000,256,0.114365760483,0.0,0,-0.11,-0.22,-0.11
2024-01-25 13:54:21.000000,195,0.114365760483,0.0,0,-0.11,-0.22,-0.11
2024-01-25 13:54:21.000000,189,0.114365760483,0.0,0,-0.11,-0.22,-0.11
2024-01-25 13:54:21.000000,435,0.114365760483,0.0,0,-0.11,-0.22,-0.11
2024-01-25 13:54:21.000000,212,0.114365760483,0.0,0,-0.11,-0.22,-0.11
2024-01-25 13:54:21.000000,445,0.114365760483,0.0,0,-0.11,-0.22,-0.11
2024-01-25 13:54:21.000000,443,0.114365760483,0.0,0,-0.11,-0.22,-0.11
2024-01-25 13:54:21.000000,444,0.114365760483,0.0,0,-0.11,-0.22,-0.11
2024-01-25 13:54:21.000000,435,0.114365760483,0.0,0,-0.11,-0.22,-0.11
2024-01-25 13:54:21.000000,442,0.114365760483,0.0,0,-0.11,-0.22,-0.11
2024-01-25 13:54:21.000000,440,0.114365760483,0.0,0,-0.11,-0.22,-0.11
2024-01-25 13:54:21.000000,439,0.114365760483,0.0,0,-0.11,-0.22,-0.11
2024-01-25 13:54:21.000000,438,0.114365760483,0.0,0,-0.11,-0.22,-0.11
2024-01-25 13:54:21.000000,437,0.114365760483,0.0,0,-0.11,-0.22,-0.11
2024-01-25 13:54:21.000000,245,0.114365760483,0.0,0,-0.11,-0.22,-0.11
2024-01-25 13:54:21.000000,436,0.114365760483,0.0,0,-0.11,-0.22,-0.11
2024-01-25 13:54:22.000000,272,0.114365760483,0.0,0,-0.11,-0.22,-0.11
2024-01-25 13:54:22.000000,273,0.114365760483,0.0,0,-0.11,-0.22,-0.11
2024-01-25 13:54:22.000000,257,0.114365760483,0.0,0,-0.11,-0.22,-0.11
2024-01-25 13:54:22.000000,274,0.114365760483,0.0,0,-0.11,-0.22,-0.11
2024-01-25 13:54:22.000000,196,0.114365760483,0.0,0,-0.11,-0.22,-0.11
2024-01-25 13:54:32.000000,353,0.114365760483,0.0,0,-0.11,-0.22,-0.11
2024-01-25 13:54:32.000000,446,0.114365760483,0.0,0,-0.11,-0.22,-0.11
2024-01-25 13:54:32.000000,352,0.114365760483,0.0,0,-0.11,-0.22,-0.11
2024-01-25 13:54:32.000000,266,0.114365760483,0.0,0,-0.11,-0.22,-0.11
2024-01-25 13:54:32.000000,257,0.114365760483,0.0,0,-0.11,-0.22,-0.11
2024-01-25 13:54:32.000000,257,0.114365760483,0.0,0,-0.11,-0.22,-0.11
2024-01-25 13:54:32.000000,456,0.114365760483,0.0,0,-0.11,-0.22,-0.11
2024-01-25 13:54:32.000000,455,0.114365760483,0.0,0,-0.11,-0.22,-0.11
2024-01-25 13:54:32.000000,257,0.114365760483,0.0,0,-0.11,-0.22,-0.11
2024-01-25 13:54:32.000000,443,0.114365760483,0.0,0,-0.11,-0.22,-0.11
2024-01-25 13:54:32.000000,353,0.104547769176,0.0250000003725,0,-0.11,-0.22,-0.11
2024-01-25 13:54:32.000000,454,0.104547769176,0.0,0,-0.11,-0.22,-0.11
2024-01-25 13:54:32.000000,435,0.104547769176,0.0,0,-0.11,-0.22,-0.11
2024-01-25 13:54:32.000000,452,0.104547769176,0.0,0,-0.11,-0.22,-0.11
2024-01-25 13:54:32.000000,257,0.104547769176,0.0,0,-0.11,-0.22,-0.11
2024-01-25 13:54:32.000000,451,0.104547769176,0.0,0,-0.11,-0.22,-0.11
2024-01-25 13:54:32.000000,257,0.104547769176,0.0,0,-0.11,-0.22,-0.11
2024-01-25 13:54:32.000000,450,0.104547769176,0.0,0,-0.11,-0.22,-0.11
2024-01-25 13:54:32.000000,257,0.104547769176,0.0,0,-0.11,-0.22,-0.11
2024-01-25 13:54:32.000000,449,0.0952691104266,0.0250000003725,0,-0.11,-0.22,-0.11
2024-01-25 13:54:32.000000,257,0.104547769176,0.0,0,-0.11,-0.22,-0.11
2024-01-25 13:54:32.000000,353,0.104547769176,0.0,0,-0.11,-0.22,-0.11
2024-01-25 13:54:32.000000,257,0.104547769176,0.0,0,-0.11,-0.22,-0.11
2024-01-25 13:54:32.000000,447,0.104547769176,0.0,0,-0.11,-0.22,-0.11
2024-01-25 13:54:32.000000,257,0.104547769176,0.0,0,-0.11,-0.22,-0.11
2024-01-25 13:54:32.000000,257,0.104547769176,0.0,0,-0.11,-0.22,-0.11
2024-01-25 13:54:32.000000,448,0.104547769176,0.0,0,-0.11,-0.22,-0.11
2024-01-25 13:54:32.000000,458,0.104547769176,0.0,0,-0.11,-0.22,-0.11
2024-01-25 13:54:32.000000,457,0.104547769176,0.0,0,-0.11,-0.22,-0.11
2024-01-25 13:58:23.000000,192,0.104547769176,0.0250000003725,0,-0.11,-0.22,-0.11
2024-01-25 13:58:24.000000,193,0.104547769176,0.0,0,-0.11,-0.22,-0.11
2024-01-25 13:58:25.000000,287,0.0952691104266,0.0250000003725,0,-0.11,-0.22,-0.11
2024-01-25 14:02:03.000000,192,0.0952691104266,0.0,0,-0.11,-0.22,-0.11
2024-01-25 14:02:05.000000,193,0.0952691104266,0.0,0,-0.11,-0.22,-0.11
2024-01-25 14:02:05.000000,287,0.0952691104266,0.0,0,-0.11,-0.22,-0.11
2024-01-25 14:05:27.000001,547,1.0,0.0500000007451,1,1.0,1.0,1.0
2024-01-25 14:05:28.000000,548,0.0633855353208,0.0500000007451,1,0.9997352788819324,0.9997352788819324,0.9997352788819325
2024-01-25 14:05:29.000000,476,0.0633855353208,0.0,1,0.9994654287817798,0.9994654287817798,0.9994654287817798
2024-01-25 14:05:29.000000,554,0.0446911591769,0.0750000029802,1,0.9991903517502252,0.9991903517502252,0.9991903517502251
2024-01-25 14:05:29.000000,553,0.0301030007355,0.10000000149,1,0.9989099480235092,0.9989099480235092,0.9989099480235091
2024-01-25 14:05:29.000000,552,0.050448167052999995,0.10000000149,1,0.998624115992032,0.998624115992032,0.998624115992032
2024-01-25 14:05:29.000000,474,0.05667549372690001,0.0500000007451,1,0.9983327521685113,0.9983327521685113,0.9983327521685111
2024-01-25 14:05:29.000000,474,0.05667549372690001,0.0,1,0.99803575115567,0.99803575115567,0.9980357511556701
2024-01-25 14:05:29.000000,553,0.07058975787239999,0.0500000007451,1,0.9977330056134778,0.9977330056134778,0.9977330056134778
2024-01-25 14:05:29.000000,552,0.104547773301,0.10000000149,1,0.9974244062259212,0.9974244062259212,0.9974244062259212
2024-01-25 14:05:29.000000,476,0.08652218547139999,0.0,1,0.9971098416673106,0.9971098416673106,0.9971098416673106
2024-01-25 14:05:29.000000,473,0.07058975787239999,0.0,1,0.9967891985681256,0.9967891985681256,0.9967891985681255
2024-01-25 14:05:29.000000,474,0.07058975787239999,0.0,1,0.9964623614803828,0.9964623614803828,0.9964623614803829
2024-01-25 14:05:29.000000,474,0.0504481666067,0.0,1,0.9961292128425432,0.9961292128425432,0.9961292128425433
2024-01-25 14:05:29.000000,474,0.0301030004209,0.0,1,0.9957896329439396,0.9957896329439396,0.9957896329439395
2024-01-25 14:05:29.000000,475,0.0504481644645,0.0,1,0.9954434998887344,0.9954434998887344,0.9954434998887344
2024-01-25 14:05:29.000000,476,0.0633855353208,0.0,1,0.9950906895594064,0.9950906895594064,0.9950906895594065
2024-01-25 14:05:29.000000,550,0.0504481644645,0.0500000007451,1,0.9947310755797556,0.9947310755797556,0.9947310755797556
2024-01-25 14:05:29.000000,473,0.0633855353208,0.0,1,0.9943645292774402,0.9943645292774402,0.9943645292774402
2024-01-25 14:05:29.000000,551,0.0705897540955,0.0750000029802,1,0.9939909196460348,0.9939909196460348,0.9939909196460349
2024-01-25 14:05:29.000000,549,0.0504481635719,0.0750000029802,1,0.9936101133066152,0.9936101133066152,0.9936101133066153
2024-01-25 14:05:29.000000,475,0.0504481635719,0.0,1,0.9932219744688658,0.9932219744688658,0.9932219744688658
2024-01-25 14:05:40.000000,192,0.0504481635719,0.0,1,0.9928263648917212,0.9928263648917212,0.9928263648917212
2024-01-25 14:05:43.000000,193,0.0504481635719,0.0,1,0.9924231438435256,0.9924231438435256,0.9924231438435257
2024-01-25 14:05:45.000000,287,0.0504481635719,0.0,1,0.9920121680617316,0.9920121680617316,0.9920121680617316
2024-01-25 14:06:29.000000,476,0.0504481635719,0.0,1,0.9915932917121248,0.9915932917121248,0.9915932917121248
2024-01-25 14:06:29.000000,474,0.0504481635719,0.0,1,0.9911663663475866,0.9911663663475866,0.9911663663475866
2024-01-25 14:06:29.000000,476,0.0633855342844,0.0,1,0.9907312408663906,0.9907312408663906,0.9907312408663906
2024-01-25 14:06:29.000000,552,0.056675489968800015,0.0250000003725,1,0.990287761470045,0.990287761470045,0.990287761470045
2024-01-25 14:06:29.000000,553,0.056675489968800015,0.0750000029802,1,0.9898357716206768,0.9898357716206768,0.9898357716206768
2024-01-25 14:06:29.000000,474,0.07829872107619999,0.0,1,0.9893751119979666,0.9893751119979666,0.9893751119979666
2024-01-25 14:06:29.000000,474,0.07829872107619999,0.0,1,0.9889056204556376,0.9889056204556376,0.9889056204556376
2024-01-25 14:06:29.000000,474,0.07829872107619999,0.0,1,0.988427131977507,0.988427131977507,0.988427131977507
2024-01-25 14:06:29.000000,553,0.056675489968800015,0.0750000029802,1,0.9879394786331012,0.9879394786331012,0.9879394786331013
2024-01-25 14:06:29.000000,552,0.056675489968800015,0.0,1,0.9874424895328492,0.9874424895328492,0.9874424895328491
2024-01-25 14:06:29.000000,554,0.056675489968800015,0.0,1,0.9869359907828492,0.9869359907828492,0.9869359907828492
2024-01-25 14:07:17.000000,474,0.056675489968800015,0.0,1,0.9864198054392352,0.9864198054392352,0.9864198054392351
2024-01-25 14:07:17.000000,474,0.056675489968800015,0.0,1,0.985893753462132,0.985893753462132,0.9858937534621321
2024-01-25 14:07:17.000000,474,0.0633855342844,0.0,1,0.9853576516692252,0.9853576516692252,0.9853576516692251
2024-01-25 14:07:17.000000,553,0.08652218117319999,0.0,1,0.9848113136889444,0.9848113136889444,0.9848113136889445
2024-01-25 14:07:17.000000,552,0.0633855342844,0.0750000029802,1,0.9842545499132817,0.9842545499132817,0.9842545499132815
2024-01-25 14:07:17.000000,476,0.0657423890154,0.0,1,0.9836871674502456,0.9836871674502456,0.9836871674502456
2024-01-25 14:07:17.000000,474,0.0657423890154,0.0,1,0.983108970075976,0.983108970075976,0.9831089700759761
2024-01-25 14:07:17.000000,554,0.0908497566395,0.0,1,0.9825197581865212,0.9825197581865212,0.9825197581865212
2024-01-25 14:07:17.000000,553,0.0908497566395,0.0,1,0.9819193287493044,0.9819193287493044,0.9819193287493044
2024-01-25 14:07:17.000000,476,0.0908497566395,0.0,1,0.9813074752542844,0.9813074752542844,0.9813074752542844
2024-01-25 14:07:17.000000,552,0.08190624321439999,0.0250000003725,1,0.9806839876648354,0.9806839876648354,0.9806839876648354
2024-01-25 14:07:32.000000,554,0.07354081529739999,0.0250000003725,1,0.9800486523683588,0.9800486523683588,0.9800486523683587
2024-01-25 14:07:32.000000,553,0.0584988825208,0.0500000007451,1,0.9794012521266466,0.9794012521266466,0.9794012521266466
2024-01-25 14:07:32.000000,476,0.0584988825208,0.0,1,0.9787415660260216,0.9787415660260216,0.9787415660260216
2024-01-25 14:07:32.000000,474,0.0819062438591,0.0,1,0.9780693694272642,0.9780693694272642,0.9780693694272642
2024-01-25 14:07:32.000000,474,0.0819062438591,0.0,1,0.9773844339153632,0.9773844339153632,0.9773844339153632
2024-01-25 14:07:32.000000,553,0.0735408158994,0.0250000003725,1,0.9766865272491008,0.9766865272491008,0.9766865272491008
2024-01-25 14:07:32.000000,552,0.0657423901358,0.0250000003725,1,0.9759754133105044,0.9759754133105044,0.9759754133105045
2024-01-25 14:07:32.000000,476,0.0657423901358,0.0,1,0.9752508520541906,0.9752508520541906,0.9752508520541906
2024-01-25 14:07:32.000000,552,0.0657423901358,0.0,1,0.9745125994566246,0.9745125994566246,0.9745125994566246
2024-01-25 14:07:32.000000,474,0.0735408158994,0.0,1,0.9737604074653328,0.9737604074653328,0.9737604074653328
2024-01-25 14:07:32.000000,474,0.0819062438591,0.0,1,0.9729940239480864,0.9729940239480864,0.9729940239480865
2024-01-25 14:07:51.000000,554,0.0908497573277,0.0250000003725,1,0.9722131926421056,0.9722131926421056,0.9722131926421056
2024-01-25 14:07:51.000000,553,0.0908497573277,0.0,1,0.9714176531032976,0.9714176531032976,0.9714176531032975
2024-01-25 14:07:51.000000,552,0.0908497573277,0.0,1,0.970607140655583,0.970607140655583,0.970607140655583
2024-01-25 14:07:51.000000,476,0.0908497573277,0.0,1,0.9697813863403348,0.9697813863403348,0.9697813863403347
2024-01-25 14:07:51.000000,474,0.100381514152,0.0,1,0.968940116865974,0.968940116865974,0.9689401168659741
2024-01-25 14:07:51.000000,474,0.11051081959,0.0,1,0.9680830545577612,0.9680830545577612,0.9680830545577613
2024-01-25 14:07:51.000000,553,0.100381514152,0.0250000003725,1,0.967209917307828,0.967209917307828,0.9672099173078279
2024-01-25 14:07:51.000000,476,0.100381514152,0.0,1,0.96632041852549,0.96632041852549,0.9663204185254899
2024-01-25 14:07:51.000000,552,0.0908497573277,0.0250000003725,1,0.9654142670878928,0.9654142670878928,0.9654142670878928
2024-01-25 14:07:51.000000,474,0.0908497573277,0.0,1,0.9644911672910292,0.9644911672910292,0.9644911672910293
2024-01-25 14:07:51.000000,474,0.100381514152,0.0,1,0.9635508188011932,0.9635508188011932,0.9635508188011933
2024-01-25 14:08:03.000000,476,0.100381514152,0.0,1,0.9625929166069072,0.9625929166069072,0.9625929166069073
2024-01-25 14:08:03.000000,474,0.100381514152,0.0,1,0.9616171509713888,0.9616171509713888,0.9616171509713887
2024-01-25 14:08:03.000000,474,0.100381514152,0.0,1,0.9606232073856094,0.9606232073856094,0.9606232073856094
2024-01-25 14:08:03.000000,476,0.100381514152,0.0,1,0.959610766522006,0.9596107665220059,0.959610766522006
2024-01-25 14:08:03.000000,552,0.100381514152,0.0,1,0.9585795041889036,0.9585795041889036,0.9585795041889037
2024-01-25 14:08:03.000000,474,0.11051081959,0.0,1,0.9575290912857164,0.9575290912857164,0.9575290912857164
2024-01-25 14:08:03.000000,474,0.11051081959,0.0,1,0.9564591937589942,0.9564591937589942,0.9564591937589942
2024-01-25 14:08:03.000000,552,0.12124619619799999,0.0,1,0.9553694725593848,0.9553694725593848,0.9553694725593848
2024-01-25 14:08:03.000000,553,0.11051081959,0.0250000003725,1,0.9542595835995724,0.9542595835995724,0.9542595835995724
2024-01-25 14:08:03.000000,554,0.11051081959,0.0,1,0.9531291777132864,0.9531291777132864,0.9531291777132865
2024-01-25 14:08:03.000000,553,0.100381514152,0.0250000003725,1,0.9519779006154422,0.9519779006154422,0.9519779006154422
2024-01-25 14:08:13.000000,554,0.100381514152,0.0,1,0.9508053928634952,0.9508053928634952,0.9508053928634951
2024-01-25 14:08:13.000000,553,0.100381514152,0.0,1,0.9496112898201006,0.9496112898201006,0.9496112898201006
2024-01-25 14:08:13.000000,476,0.100381514152,0.0,1,0.9483952216171544,0.9483952216171544,0.9483952216171543
2024-01-25 14:08:13.000000,474,0.100381514152,0.0,1,0.9471568131213092,0.9471568131213092,0.947156813121309
2024-01-25 14:08:13.000000,474,0.100381514152,0.0,1,0.9458956839010542,0.9458956839010542,0.9458956839010542
2024-01-25 14:08:13.000000,552,0.0908497573277,0.0250000003725,1,0.9446114481954592,0.9446114481954592,0.9446114481954592
2024-01-25 14:08:13.000000,552,0.0908497573277,0.0,1,0.9433037148846688,0.9433037148846688,0.9433037148846689
2024-01-25 14:08:13.000000,476,0.100381514152,0.0,1,0.9419720874622634,0.9419720874622634,0.9419720874622634
2024-01-25 14:08:13.000000,474,0.100381514152,0.0,1,0.9406161640095778,0.9406161640095778,0.9406161640095778
2024-01-25 14:08:13.000000,474,0.11051081959,0.0,1,0.9392355371720936,0.9392355371720936,0.9392355371720937
2024-01-25 14:08:13.000000,553,0.11051081959,0.0,1,0.9378297941380096,0.9378297941380096,0.9378297941380095
2024-01-25 14:08:26.000000,553,0.11051081959,0.0,1,0.9363985166191088,0.9363985166191088,0.9363985166191087
2024-01-25 14:08:26.000000,476,0.11051081959,0.0,1,0.9349412808340394,0.9349412808340394,0.9349412808340394
2024-01-25 14:08:26.000000,552,0.11051081959,0.0,1,0.9334576574941248,0.9334576574941248,0.9334576574941247
2024-01-25 14:08:26.000000,474,0.11051081959,0.0,1,0.9319472117918364,0.9319472117918364,0.9319472117918364
2024-01-25 14:08:26.000000,474,0.12124619619799999,0.0,1,0.9304095033920496,0.9304095033920496,0.9304095033920495
2024-01-25 14:08:27.000000,474,0.12124619619799999,0.0,1,0.9288440864262144,0.9288440864262144,0.9288440864262143
2024-01-25 14:08:27.000000,474,0.12124619619799999,0.0,1,0.9272505094895782,0.9272505094895782,0.9272505094895782
2024-01-25 14:08:27.000000,476,0.12124619619799999,0.0,1,0.925628315641602,0.925628315641602,0.925628315641602
2024-01-25 14:08:27.000000,552,0.12124619619799999,0.0,1,0.9239770424097024,0.9239770424097024,0.9239770424097024
2024-01-25 14:08:27.000000,553,0.12124619619799999,0.0,1,0.9222962217964724,0.9222962217964724,0.9222962217964725
2024-01-25 14:08:27.000000,554,0.12124619619799999,0.0,1,0.9205853802905272,0.9205853802905272,0.9205853802905272
2024-01-25 14:08:41.000000,474,0.12124619619799999,0.0,1,0.9188440388811284,0.9188440388811284,0.9188440388811285
2024-01-25 14:08:41.000000,474,0.12124619619799999,0.0,1,0.9170717130767386,0.9170717130767386,0.9170717130767386
2024-01-25 14:08:41.000000,474,0.12124619619799999,0.0,1,0.9152679129276724,0.9152679129276724,0.9152679129276724
2024-01-25 14:08:41.000000,476,0.12124619619799999,0.0,1,0.9134321430529972,0.9134321430529972,0.9134321430529971
2024-01-25 14:08:41.000000,552,0.12124619619799999,0.0,1,0.9115639026718604,0.9115639026718604,0.9115639026718605
2024-01-25 14:08:41.000000,553,0.12124619619799999,0.0,1,0.909662685639404,0.9096626856394041,0.909662685639404
2024-01-25 14:08:41.000000,474,0.12124619619799999,0.0,1,0.9077279804874394,0.9077279804874394,0.9077279804874394
2024-01-25 14:08:41.000000,476,0.12124619619799999,0.0,1,0.9057592704700655,0.9057592704700655,0.9057592704700657
2024-01-25 14:08:41.000000,552,0.12124619619799999,0.0,1,0.9037560336144014,0.9037560336144014,0.9037560336144014
2024-01-25 14:08:41.000000,553,0.12124619619799999,0.0,1,0.9017177427766172,0.9017177427766172,0.9017177427766172
2024-01-25 14:08:41.000000,554,0.12124619619799999,0.0,1,0.89964386570345,0.89964386570345,0.89964386570345
2024-01-25 14:08:46.000000,554,0.12124619619799999,0.0,1,0.8975338650993923,0.8975338650993923,0.8975338650993923
2024-01-25 14:08:46.000000,553,0.12124619619799999,0.0,1,0.895387198699737,0.895387198699737,0.895387198699737
2024-01-25 14:08:46.000000,476,0.12124619619799999,0.0,1,0.8932033193496817,0.8932033193496817,0.8932033193496817
2024-01-25 14:08:46.000000,474,0.12124619619799999,0.0,1,0.8909816750896781,0.8909816750896781,0.8909816750896781
2024-01-25 14:08:46.000000,474,0.12124619619799999,0.0,1,0.8887217092472286,0.8887217092472286,0.8887217092472286
2024-01-25 14:08:46.000000,552,0.0819062438591,0.10000000149,1,0.8864228605353281,0.8864228605353281,0.8864228605353281
2024-01-25 14:08:46.000000,552,0.0819062438591,0.0,1,0.8840845631577519,0.8840845631577519,0.8840845631577519
2024-01-25 14:08:46.000000,476,0.0819062438591,0.0,1,0.8817062469213891,0.8817062469213891,0.8817062469213891
2024-01-25 14:08:46.000000,474,0.0819062438591,0.0,1,0.8792873373558314,0.8792873373558314,0.8792873373558314
2024-01-25 14:08:46.000000,474,0.0819062438591,0.0,1,0.8768272558404182,0.8768272558404182,0.8768272558404182
2024-01-25 14:08:46.000000,553,0.0819062438591,0.0,1,0.8743254197389406,0.8743254197389406,0.8743254197389406
2024-01-25 14:08:52.000000,554,0.0819062438591,0.0,1,0.8717812425422165,0.8717812425422165,0.8717812425422165
2024-01-25 14:08:52.000000,553,0.0819062438591,0.0,1,0.8691941340187392,0.8691941340187392,0.8691941340187392
2024-01-25 14:08:52.000000,552,0.0819062438591,0.0,1,0.8665635003736064,0.8665635003736064,0.8665635003736064
2024-01-25 14:08:52.000000,476,0.0819062438591,0.0,1,0.8638887444159348,0.8638887444159348,0.8638887444159348
2024-01-25 14:08:52.000000,474,0.12124619619799999,0.0,1,0.8611692657349631,0.8611692657349631,0.8611692657349631
2024-01-25 14:08:52.000000,474,0.12124619619799999,0.0,1,0.8584044608850527,0.8584044608850527,0.8584044608850527
2024-01-25 14:08:52.000000,552,0.12124619619799999,0.0,1,0.8555937235797783,0.8555937235797783,0.8555937235797783
2024-01-25 14:08:52.000000,476,0.12124619619799999,0.0,1,0.8527364448953179,0.8527364448953179,0.8527364448953179
2024-01-25 14:08:52.000000,474,0.12124619619799999,0.0,1,0.8498320134833287,0.8498320134833287,0.8498320134833287
2024-01-25 14:08:52.000000,474,0.12124619619799999,0.0,1,0.8468798157935133,0.8468798157935133,0.8468798157935133
2024-01-25 14:08:52.000000,553,0.12124619619799999,0.0,1,0.8438792363060541,0.8438792363060541,0.843879236306054
2024-01-25 14:08:59.000000,476,0.12124619619799999,0.0,1,0.8408296577741143,0.8408296577741143,0.8408296577741143
2024-01-25 14:08:59.000000,554,0.05179713582809999,0.20000000298,1,0.8377304614765769,0.8377304614765769,0.8377304614765769
2024-01-25 14:08:59.000000,553,0.05179713812969999,0.20000000298,1,0.8345810274812016,0.8345810274812016,0.8345810274812016
2024-01-25 14:08:59.000000,552,0.05179713812969999,0.0,1,0.8313807349183691,0.8313807349183691,0.8313807349183691
2024-01-25 14:08:59.000000,474,0.05179713812969999,0.0,1,0.8281289622655754,0.8281289622655754,0.8281289622655754
2024-01-25 14:08:59.000000,474,0.05179713812969999,0.0,1,0.8248250876428341,0.8248250876428341,0.8248250876428341
2024-01-25 14:08:59.000000,553,0.0536210834437,0.0,1,0.8214684891191317,0.8214684891191317,0.8214684891191317
2024-01-25 14:08:59.000000,552,0.0536210834437,0.0,1,0.8180585450300769,0.8180585450300769,0.8180585450300769
2024-01-25 14:08:59.000000,476,0.0536210834437,0.0,1,0.8145946343068764,0.8145946343068764,0.8145946343068764
2024-01-25 14:08:59.000000,474,0.0536210834437,0.0,1,0.8110761368167554,0.8110761368167554,0.8110761368167554
2024-01-25 14:08:59.000000,474,0.0536210834437,0.0,1,0.8075024337149291,0.8075024337149291,0.8075024337149291
2024-01-25 14:09:07.000000,476,0.053621080924199996,0.0,1,0.80387290780823,0.80387290780823,0.80387290780823
2024-01-25 14:09:07.000000,552,0.130744653632,0.0,1,0.8001869439304702,0.8001869439304702,0.8001869439304702
2024-01-25 14:09:07.000000,474,0.130744653632,0.0,1,0.7964439293296149,0.7964439293296149,0.796443929329615
2024-01-25 14:09:07.000000,554,0.130744653632,0.0,1,0.7926432540668192,0.7926432540668192,0.7926432540668192
2024-01-25 14:09:07.000000,553,0.130744653632,0.0,1,0.7887843114273801,0.7887843114273801,0.7887843114273801
2024-01-25 14:09:07.000000,474,0.130744653632,0.0,1,0.7848664983436211,0.7848664983436211,0.784866498343621
2024-01-25 14:09:07.000000,553,0.130744653632,0.0,1,0.7808892158297269,0.7808892158297269,0.7808892158297269
2024-01-25 14:09:07.000000,552,0.130744653632,0.0,1,0.7768518694285172,0.7768518694285172,0.7768518694285172
2024-01-25 14:09:07.000000,476,0.130744653632,0.0,1,0.7727538696701329,0.7727538696701329,0.7727538696701329
2024-01-25 14:09:07.000000,474,0.130744653632,0.0,1,0.7685946325425932,0.7685946325425932,0.7685946325425932
2024-01-25 14:09:07.000000,474,0.130744653632,0.0,1,0.7643735799741538,0.7643735799741538,0.7643735799741538
2024-01-25 14:09:14.000000,552,0.130744653632,0.0,1,0.7600901403273786,0.7600901403273786,0.7600901403273786
2024-01-25 14:09:14.000000,476,0.130744653632,0.0,1,0.7557437489048194,0.7557437489048194,0.7557437489048194
2024-01-25 14:09:14.000000,474,0.130744653632,0.0,1,0.7513338484661661,0.7513338484661661,0.7513338484661661
2024-01-25 14:09:14.000000,474,0.130744653632,0.0,1,0.7468598897567108,0.7468598897567108,0.7468598897567108
2024-01-25 14:09:14.000000,553,0.130744653632,0.0,1,0.7423213320469473,0.7423213320469473,0.7423213320469473
2024-01-25 14:09:14.000000,476,0.130744653632,0.0,1,0.7377176436830932,0.7377176436830932,0.7377176436830932
2024-01-25 14:09:14.000000,553,0.130744653632,0.0,1,0.7330483026483023,0.7330483026483023,0.7330483026483023
2024-01-25 14:09:14.000000,474,0.130744653632,0.0,1,0.7283127971343014,0.7283127971343014,0.7283127971343014
2024-01-25 14:09:14.000000,474,0.130744653632,0.0,1,0.7235106261231634,0.7235106261231634,0.7235106261231634
2024-01-25 14:09:14.000000,552,0.130744653632,0.0,1,0.7186412999788937,0.7186412999788937,0.7186412999788937
2024-01-25 14:09:14.000000,554,0.130744653632,0.0,1,0.7137043410484789,0.7137043410484789,0.7137043410484789
2024-01-25 14:09:17.000000,474,0.130744653632,0.0,1,0.7086992842720143,0.7086992842720143,0.7086992842720143
2024-01-25 14:09:17.000000,552,0.130744653632,0.0,1,0.7036256778014975,0.7036256778014975,0.7036256778014975
2024-01-25 14:09:17.000000,474,0.130744653632,0.0,1,0.6984830836278441,0.6984830836278441,0.698483083627844
2024-01-25 14:09:17.000000,554,0.130744653632,0.0,1,0.6932710782156392,0.6932710782156392,0.6932710782156392
2024-01-25 14:09:17.000000,553,0.130744653632,0.0,1,0.6879892531451197,0.6879892531451197,0.6879892531451197
2024-01-25 14:09:17.000000,553,0.130744653632,0.0,1,0.6826372157608355,0.6826372157608355,0.6826372157608355
2024-01-25 14:09:17.000000,476,0.130744653632,0.0,1,0.6772145898264089,0.6772145898264089,0.6772145898264089
2024-01-25 14:09:17.000000,476,0.130744653632,0.0,1,0.6717210161847774,0.6717210161847774,0.6717210161847774
2024-01-25 14:09:17.000000,474,0.130744653632,0.0,1,0.6661561534232678,0.6661561534232678,0.6661561534232678
2024-01-25 14:09:17.000000,552,0.130744653632,0.0,1,0.6605196785428138,0.6605196785428138,0.6605196785428138
2024-01-25 14:09:17.000000,474,0.130744653632,0.0,1,0.6548112876305968,0.6548112876305968,0.6548112876305968
2024-01-25 14:09:20.000000,554,0.130744653632,0.0,1,0.6490306965353496,0.6490306965353496,0.6490306965353496
2024-01-25 14:09:20.000000,553,0.130744653632,0.0,1,0.6431776415445344,0.6431776415445344,0.6431776415445344
2024-01-25 14:09:20.000000,552,0.130744653632,0.0,1,0.637251880062562,0.637251880062562,0.637251880062562
2024-01-25 14:09:20.000000,476,0.130744653632,0.0,1,0.6312531912891912,0.6312531912891912,0.6312531912891912
2024-01-25 14:09:20.000000,474,0.130744653632,0.0,1,0.6251813768972139,0.6251813768972139,0.6251813768972139
2024-01-25 14:09:20.000000,474,0.130744653632,0.0,1,0.6190362617084879,0.6190362617084879,0.6190362617084879
2024-01-25 14:09:20.000000,553,0.130744653632,0.0,1,0.6128176943673569,0.6128176943673569,0.6128176943673569
2024-01-25 14:09:20.000000,552,0.130744653632,0.0,1,0.6065255480104623,0.6065255480104623,0.6065255480104623
2024-01-25 14:09:20.000000,476,0.130744653632,0.0,1,0.6001597209319095,0.6001597209319095,0.6001597209319095
2024-01-25 14:09:20.000000,474,0.130744653632,0.0,1,0.5937201372427405,0.5937201372427405,0.5937201372427405
2024-01-25 14:09:20.000000,474,0.130744653632,0.0,1,0.5872067475236138,0.5872067475236138,0.5872067475236138
2024-01-25 14:09:21.000000,553,0.130744653632,0.0,1,0.580619529469578,0.580619529469578,0.580619529469578
2024-01-25 14:09:21.000000,554,0.130744653632,0.0,1,0.5739584885257989,0.5739584885257989,0.5739584885257989
2024-01-25 14:09:21.000000,552,0.130744653632,0.0,1,0.5672236585130678,0.5672236585130678,0.5672236585130678
2024-01-25 14:09:21.000000,476,0.130744653632,0.0,1,0.5604151022418961,0.5604151022418961,0.5604151022418961
2024-01-25 14:09:21.000000,474,0.130744653632,0.0,1,0.5535329121139905,0.5535329121139905,0.5535329121139905
2024-01-25 14:09:21.000000,553,0.130744653632,0.0,1,0.5465772107098711,0.5465772107098711,0.5465772107098711
2024-01-25 14:09:21.000000,474,0.130744653632,0.0,1,0.5395481513613846,0.5395481513613846,0.5395481513613846
2024-01-25 14:09:21.000000,476,0.130744653632,0.0,1,0.5324459187078467,0.5324459187078467,0.5324459187078467
2024-01-25 14:09:21.000000,474,0.130744653632,0.0,1,0.525270729234542,0.525270729234542,0.525270729234542
2024-01-25 14:09:21.000000,474,0.130744653632,0.0,1,0.5180228317922894,0.5180228317922894,0.5180228317922894
2024-01-25 14:09:21.000000,552,0.130744653632,0.0,1,0.5107025080967874,0.5107025080967874,0.5107025080967874
2024-01-25 14:09:22.000001,552,0.130744653632,0.0,1,0.5033100732064364,0.5033100732064364,0.5033100732064364
2024-01-25 14:09:23.000000,553,0.130744653632,0.0,1,0.4958458759773485,0.4958458759773485,0.49584587597734847
2024-01-25 14:09:23.000000,554,0.130744653632,0.0,1,0.4883102994942426,0.4883102994942426,0.48831029949424265
2024-01-25 14:09:23.000000,554,0.130744653632,0.0,1,0.4807037614759434,0.4807037614759434,0.48070376147594346
2024-01-25 14:09:23.000000,474,0.130744653632,0.0,1,0.4730267146542031,0.4730267146542031,0.4730267146542031
2024-01-25 14:09:23.000000,474,0.130744653632,0.0,1,0.4652796471245738,0.4652796471245738,0.46527964712457387
2024-01-25 14:09:23.000000,476,0.130744653632,0.0,1,0.4574630826680937,0.4574630826680937,0.45746308266809366
2024-01-25 14:09:23.000000,552,0.130744653632,0.0,1,0.4495775810425397,0.4495775810425397,0.44957758104253964
2024-01-25 14:09:23.000000,553,0.130744653632,0.0,1,0.4416237382420606,0.4416237382420606,0.4416237382420606
2024-01-25 14:09:23.000000,476,0.130744653632,0.0,1,0.4336021867239945,0.4336021867239945,0.43360218672399453
2024-01-25 14:09:23.000000,474,0.130744653632,0.0,1,0.4255135956017372,0.4255135956017372,0.4255135956017372
2024-01-25 14:09:23.000000,552,0.130744653632,0.0,1,0.41735867080254335,0.41735867080254335,0.41735867080254335
2024-01-25 14:09:23.000000,553,0.130744653632,0.0,1,0.4091381551891951,0.4091381551891951,0.40913815518919505
2024-01-25 14:09:23.000000,554,0.130744653632,0.0,1,0.4008528286445047,0.4008528286445047,0.4008528286445047
2024-01-25 14:09:23.000000,554,0.130744653632,0.0,1,0.3925035081176794,0.3925035081176794,0.3925035081176794
2024-01-25 14:09:23.000000,554,0.130744653632,0.0,1,0.3840910476316094,0.3840910476316094,0.3840910476316094
2024-01-25 14:09:23.000000,554,0.130744653632,0.0,1,0.3756163382502173,0.3756163382502173,0.37561633825021734
2024-01-25 14:09:23.000000,554,0.130744653632,0.0,1,0.3670803080050487,0.3670803080050487,0.36708030800504865
2024-01-25 14:09:23.000000,474,0.130744653632,0.0,1,0.3584839217803526,0.3584839217803526,0.3584839217803526
2024-01-25 14:09:23.000000,476,0.130744653632,0.0,1,0.34982818115597564,0.34982818115597564,0.34982818115597564
2024-01-25 14:09:23.000000,476,0.130744653632,0.0,1,0.3411141242074441,0.3411141242074441,0.3411141242074441
2024-01-25 14:09:23.000000,474,0.130744653632,0.0,1,0.3323428252627064,0.3323428252627064,0.3323428252627064
2024-01-25 14:09:23.000000,474,0.130744653632,0.0,1,0.3235153946150664,0.3235153946150664,0.3235153946150664
2024-01-25 14:09:23.000000,474,0.130744653632,0.0,1,0.3146329781919233,0.3146329781919233,0.3146329781919233
2024-01-25 14:09:23.000000,474,0.130744653632,0.0,1,0.30569675717902833,0.30569675717902833,0.30569675717902833
2024-01-25 14:09:23.000000,476,0.130744653632,0.0,1,0.2967079476000312,0.2967079476000312,0.2967079476000312
2024-01-25 14:09:23.000000,552,0.130744653632,0.0,1,0.28766779985120344,0.28766779985120344,0.28766779985120344
2024-01-25 14:09:23.000000,553,0.130744653632,0.0,1,0.27857759819129824,0.27857759819129824,0.27857759819129824
2024-01-25 14:09:23.000000,474,0.130744653632,0.0,1,0.2694386601866045,0.2694386601866045,0.2694386601866045
2024-01-25 14:09:23.000000,474,0.130744653632,0.0,1,0.2602523361113541,0.2602523361113541,0.26025233611135407
2024-01-25 14:09:23.000000,552,0.130744653632,0.0,1,0.2510200083037269,0.2510200083037269,0.25102000830372695
2024-01-25 14:09:23.000000,553,0.130744653632,0.0,1,0.2417430904778002,0.2417430904778002,0.2417430904778002
2024-01-25 14:09:23.000000,554,0.130744653632,0.0,1,0.2324230269918936,0.2324230269918936,0.23242302699189357
2024-01-25 14:09:23.000000,474,0.130744653632,0.0,1,0.22306129207384573,0.22306129207384573,0.22306129207384573
2024-01-25 14:09:23.000000,474,0.130744653632,0.0,1,0.21365938900387496,0.21365938900387496,0.21365938900387496
2024-01-25 14:09:23.000000,552,0.130744653632,0.0,1,0.2042188492557577,0.2042188492557577,0.2042188492557577
2024-01-25 14:09:23.000000,553,0.130744653632,0.0,1,0.19474123159717616,0.19474123159717616,0.19474123159717616
2024-01-25 14:09:23.000000,476,0.130744653632,0.0,1,0.18522812115016726,0.18522812115016726,0.18522812115016726
2024-01-25 14:09:28.000000,143,0.068951644703,0.15000000596,1,0.1756811284127135,0.1756811284127135,0.1756811284127135
2024-01-25 14:09:28.000000,341,0.107413674928,0.40000000596,1,0.16610188824261046,0.16610188824261046,0.16610188824261043
2024-01-25 14:09:28.000000,342,0.112066307324,0.0,1,0.15649205880483338,0.15649205880483338,0.15649205880483338
2024-01-25 14:09:28.000000,144,0.180355275133,0.125,1,0.14685332048372607,0.14685332048372607,0.14685332048372607
2024-01-25 14:09:28.000000,342,0.288690845361,0.15000000596,1,0.1371873747614169,0.1371873747614169,0.1371873747614169
2024-01-25 14:09:36.000000,144,0.288690845361,0.0,1,0.12749594306395912,0.12749594306395912,0.12749594306395912
2024-01-25 14:09:36.000000,341,0.309627476762,0.0250000003725,1,0.11778076557677332,0.11778076557677332,0.11778076557677333
2024-01-25 14:09:36.000000,143,0.426895403907,0.125,1,0.10804360003104946,0.10804360003104946,0.10804360003104946
2024-01-25 14:09:43.000000,144,0.426895403907,0.0,1,0.0982862204628438,0.0982862204628438,0.09828622046284381
2024-01-25 14:09:43.000000,143,0.426895403907,0.0,1,0.0885104159466795,0.0885104159466795,0.0885104159466795
2024-01-25 14:09:43.000000,199,0.288690840774,0.0,1,0.07871798930552289,0.07871798930552289,0.07871798930552289
2024-01-25 14:09:43.000000,342,0.07105600272969999,0.0250000003725,1,0.06891075579907494,0.06891075579907494,0.06891075579907494
2024-01-25 14:09:43.000000,342,0.07105600272969999,0.0,1,0.05909054179237624,0.05909054179237624,0.059090541792376244
2024-01-25 14:09:43.000000,341,0.0412166679515,0.0250000003725,1,0.04925918340677128,0.04925918340677128,0.049259183406771274
2024-01-25 14:09:48.000000,192,0.0548094777628,0.0,1,0.039418525155333284,0.039418525155333284,0.039418525155333284
2024-01-25 14:09:49.000000,193,0.0548094777628,0.0,1,0.02957041856488912,0.02957041856488912,0.02957041856488912
2024-01-25 14:09:50.000000,287,0.0625912998141,0.0,1,0.019716720786818364,0.019716720786818364,0.019716720786818364
2025-01-01 12:12:12.000000,0,1.0,0.449999988079,1,0.009859293198837396,0.009859293198837396,0.009859293198837396
